CCI 1009

04/04/2022	189.03	189.99	187.34	189.09	1216047.00
04/01/2022	185.05	189.17	182.93	189.04	1292833.00
03/01/2022	185.00	187.67	184.47	184.60	2602488.00
03/08/2022	182.94	184.69	181.88	184.56	1595696.00
03/29/2022	181.64	184.07	181.64	183.87	1441461.00
03/28/2022	178.27	180.86	178.24	180.83	1470230.00
03/25/2022	176.45	177.86	174.79	177.58	1422509.00
03/24/2022	172.98	175.42	172.14	175.31	1568699.00
03/23/2022	173.67	175.26	171.62	173.42	1205985.00
03/22/2022	175.09	175.95	173.48	174.02	1707099.00
03/21/2022	174.57	176.60	174.08	175.10	2036860.00
03/18/2022	179.85	180.00	174.63	174.88	3674624.00
03/17/2022	173.40	177.14	173.40	176.92	1411519.00
03/16/2022	173.75	175.00	170.21	173.40	1866552.00
03/15/2022	174.56	175.62	171.69	172.76	1855850.00
03/14/2022	172.75	173.88	170.71	172.77	1435049.00
03/11/2022	177.31	179.20	173.54	173.63	1179283.00
03/10/2022	172.05	176.63	170.41	176.17	1624519.00
03/09/2022	175.94	177.13	173.49	173.96	1238259.00
03/08/2022	175.81	179.30	173.83	173.85	1962302.00
03/07/2022	178.13	179.11	176.08	176.78	2091863.00
03/04/2022	174.66	180.07	174.53	179.10	1741876.00
03/03/2022	174.10	176.87	173.26	175.84	1846234.00
03/02/2022	168.30	174.07	168.30	173.20	3584768.00
03/01/2022	167.60	169.35	166.47	168.01	1985941.00
02/28/2022	166.66	167.59	164.56	166.59	3137933.00
02/25/2022	165.69	167.78	163.95	167.58	1676302.00
02/24/2022	157.71	165.57	157.16	165.00	2967212.00
02/23/2022	163.29	164.72	159.88	159.93	1920017.00
02/22/2022	162.30	164.94	160.30	163.15	2584636.00
02/18/2022	163.35	164.84	161.10	162.34	4020701.00
02/17/2022	164.97	165.12	163.10	163.37	3107151.00
02/16/2022	165.63	165.97	163.35	164.67	2050353.00
02/15/2022	169.18	169.43	164.90	165.60	2541787.00
02/14/2022	169.34	169.88	166.30	167.58	2146082.00
02/11/2022	173.24	174.50	167.67	168.88	2920107.00
02/10/2022	177.10	178.88	172.44	173.05	1877404.00
02/09/2022	179.28	181.11	178.57	179.64	2814954.00
02/08/2022	180.78	181.26	177.25	177.49	1840643.00
02/07/2022	180.54	182.52	180.04	180.89	1098741.00
02/04/2022	179.61	182.75	178.50	180.30	1095089.00
02/03/2022	182.80	183.63	181.39	181.68	990079.00
02/02/2022	181.49	184.63	181.09	184.00	1649311.00
02/01/2022	181.96	182.85	178.61	180.57	1460418.00
01/31/2022	179.70	182.74	178.75	182.51	2076259.00
01/28/2022	175.02	180.78	172.07	180.68	1934713.00
01/27/2022	177.50	178.00	170.08	171.57	2298807.00
01/26/2022	183.30	184.42	175.81	176.90	2469147.00
01/25/2022	181.63	183.87	179.78	182.18	1459845.00
01/24/2022	181.40	184.13	177.80	183.61	2102108.00
01/21/2022	183.00	185.02	181.34	182.25	1413217.00
01/20/2022	183.44	186.31	181.32	181.65	1440850.00
01/19/2022	184.82	186.80	183.15	183.19	1981198.00
01/18/2022	182.00	184.77	181.29	184.00	1682928.00
01/14/2022	186.95	187.31	181.81	184.15	1639211.00
01/13/2022	189.52	190.18	186.78	187.38	1614941.00
01/12/2022	187.42	190.76	187.00	189.42	2051868.00
01/11/2022	190.95	190.95	185.97	187.59	2446736.00
01/10/2022	192.61	192.61	188.11	190.67	1937325.00
01/07/2022	192.69	197.23	191.26	194.73	2260951.00
01/06/2022	189.52	193.25	185.25	192.50	2592555.00
01/05/2022	198.75	198.75	187.87	188.46	3577199.00
01/04/2022	207.14	208.25	201.90	202.15	1896625.00
01/03/2022	209.00	209.00	203.78	207.74	1641819.00
12/31/2021	208.30	209.87	207.54	208.74	739444.00
12/30/2021	208.00	208.69	206.71	207.92	735512.00
12/29/2021	206.04	207.73	204.69	207.30	849603.00
12/28/2021	204.75	206.84	204.05	206.30	1156098.00
12/27/2021	200.57	204.92	199.73	204.75	920630.00
12/23/2021	199.64	200.65	198.16	199.39	1211007.00
12/22/2021	199.29	199.84	198.13	199.58	1165102.00
12/21/2021	202.95	203.83	197.56	198.58	1439526.00
12/20/2021	199.58	202.64	198.61	202.13	1096516.00
12/17/2021	200.73	204.15	199.80	201.34	3381681.00
12/16/2021	197.24	200.97	196.71	200.47	1631248.00
12/15/2021	196.01	197.66	194.67	197.00	1291424.00
12/14/2021	196.77	196.99	192.66	194.90	1629143.00
12/13/2021	193.00	199.26	193.00	198.63	1676871.00
12/10/2021	189.90	193.53	188.84	193.21	1642515.00
12/09/2021	191.10	191.80	188.83	189.62	1430626.00
12/08/2021	191.82	193.78	190.41	191.55	2298195.00
12/07/2021	189.23	192.50	188.81	192.15	1848062.00
12/06/2021	185.54	189.13	184.82	187.82	2042067.00
12/03/2021	186.02	186.72	183.20	184.86	1232673.00
12/02/2021	181.85	187.51	181.53	185.64	1761197.00
12/01/2021	182.00	186.07	180.47	180.56	1410756.00
11/30/2021	184.99	186.37	181.44	181.65	2658751.00
11/29/2021	183.50	187.00	181.80	185.83	1295072.00
11/26/2021	185.73	187.84	183.09	183.50	807264.00
11/24/2021	184.04	186.76	182.38	186.66	1035585.00
11/23/2021	181.36	184.26	181.36	183.67	1188917.00
11/22/2021	183.75	184.07	180.53	181.96	1369188.00
11/19/2021	184.65	185.37	182.76	183.74	1478541.00
11/18/2021	184.74	184.91	181.25	183.33	1285054.00
11/17/2021	180.21	185.64	179.87	184.70	2011636.00
11/16/2021	183.26	184.26	180.00	180.21	1453808.00
11/15/2021	180.67	182.84	179.72	182.78	1085685.00
11/12/2021	181.18	181.52	180.05	180.78	1080297.00
11/11/2021	180.50	180.97	178.61	180.66	1323809.00
11/10/2021	180.85	182.42	179.52	180.34	1246651.00
11/09/2021	180.00	181.59	179.61	180.85	1719234.00
11/08/2021	180.58	181.10	177.16	179.97	1525091.00
11/05/2021	181.99	182.97	179.87	180.13	1373292.00
11/04/2021	183.17	183.63	180.41	181.05	1343019.00
11/03/2021	183.55	184.74	180.91	182.92	1334504.00
11/02/2021	182.00	183.48	179.60	182.80	1750680.00
11/01/2021	181.03	181.87	178.76	181.51	1738248.00
10/29/2021	180.54	182.95	179.18	180.30	2620010.00
10/28/2021	178.45	182.22	177.73	181.90	2031211.00
10/27/2021	181.75	182.41	177.94	178.25	2486085.00
10/26/2021	178.09	180.56	177.66	180.08	1519386.00
10/25/2021	178.74	178.94	176.37	177.64	1898156.00
10/22/2021	178.00	179.95	176.91	179.12	2834323.00
10/21/2021	173.15	178.12	171.53	177.94	2901673.00
10/20/2021	173.00	175.18	172.90	175.00	2364321.00
10/19/2021	170.41	173.25	169.49	172.88	2788115.00
10/18/2021	168.60	168.91	166.75	167.81	1812416.00
10/15/2021	171.71	171.93	167.37	168.85	2276400.00
10/14/2021	170.17	171.94	169.56	171.28	2173389.00
10/13/2021	169.33	170.36	166.31	169.72	2809692.00
10/12/2021	169.40	171.25	168.56	170.60	1478973.00
10/11/2021	169.54	170.60	168.25	168.76	1203100.00
10/08/2021	172.74	172.74	169.47	169.82	971818.00
10/07/2021	175.01	176.77	172.59	172.85	947224.00
10/06/2021	171.70	174.55	170.27	174.34	1250643.00
10/05/2021	173.80	174.09	171.15	172.45	1514433.00
10/04/2021	172.35	174.57	171.78	173.66	1462521.00
10/01/2021	173.83	174.58	172.33	173.02	1457488.00
09/30/2021	176.39	176.72	173.14	173.32	1702608.00
09/29/2021	175.79	176.97	174.70	175.77	1377806.00
09/28/2021	174.87	176.79	173.49	175.06	2823582.00
09/27/2021	180.87	182.00	176.94	177.25	2153705.00
09/24/2021	184.00	184.86	180.49	182.07	1622209.00
09/23/2021	187.45	187.92	183.31	184.36	1652113.00
09/22/2021	188.20	188.87	187.15	187.46	978735.00
09/21/2021	187.97	189.52	187.22	187.78	1053414.00
09/20/2021	187.48	189.45	185.26	187.20	1174432.00
09/17/2021	188.07	189.84	187.60	188.54	2503528.00
09/16/2021	188.34	189.86	186.70	189.22	1375738.00
09/15/2021	189.93	190.52	188.48	188.65	1845453.00
09/14/2021	189.87	190.82	188.55	189.25	1608159.00
09/13/2021	189.75	191.08	188.58	189.83	1812472.00
09/10/2021	190.85	191.40	187.59	188.36	2294606.00
09/09/2021	196.02	196.29	192.32	192.46	1516441.00
09/08/2021	194.00	197.25	193.43	196.54	1534730.00
09/07/2021	198.50	198.50	193.83	195.54	1472106.00
09/03/2021	197.51	198.64	194.54	198.50	1320718.00
09/02/2021	198.04	198.50	195.57	197.90	1454209.00
09/01/2021	194.87	198.16	194.46	197.95	1345271.00
08/31/2021	192.17	194.94	191.03	194.69	2023362.00
08/30/2021	191.03	192.75	190.68	192.31	1429531.00
08/27/2021	190.40	191.28	189.35	190.97	1437623.00
08/26/2021	190.61	191.79	189.45	189.73	1790281.00
08/25/2021	192.51	192.58	189.93	190.30	1404308.00
08/24/2021	196.11	196.12	192.30	192.53	1353921.00
08/23/2021	198.12	198.72	195.57	195.96	1336007.00
08/20/2021	197.55	200.38	196.78	198.05	1558056.00
08/19/2021	194.22	198.41	193.32	197.91	1055640.00
08/18/2021	196.52	196.54	193.99	194.06	1250886.00
08/17/2021	194.72	197.66	194.45	196.84	1100486.00
08/16/2021	195.00	196.07	193.90	194.96	1216449.00
08/13/2021	194.00	194.91	193.16	194.78	778927.00
08/12/2021	192.33	194.02	191.52	193.31	652347.00
08/11/2021	191.85	192.79	191.00	191.95	910999.00
08/10/2021	194.80	195.00	190.87	190.97	1091206.00
08/09/2021	194.70	195.28	193.63	194.22	874777.00
08/06/2021	193.21	195.38	193.02	194.80	1171523.00
08/05/2021	195.97	196.00	192.64	194.46	1121736.00
08/04/2021	195.30	195.72	192.81	195.14	1291817.00
08/03/2021	193.23	194.94	192.51	194.77	1038509.00
08/02/2021	193.81	195.17	192.70	193.11	1104918.00
07/30/2021	193.06	194.93	192.54	193.09	1802823.00
07/29/2021	193.89	194.32	190.60	192.82	1219896.00
07/28/2021	194.84	194.84	191.91	192.93	961639.00
07/27/2021	192.53	194.65	191.40	194.56	1477805.00
07/26/2021	192.96	193.28	190.01	192.24	1955768.00
07/23/2021	193.17	194.65	190.65	193.45	2226941.00
07/22/2021	190.93	195.00	189.40	192.03	3394501.00
07/21/2021	203.16	203.54	200.66	201.10	1900798.00
07/20/2021	203.19	204.62	202.06	203.28	1173179.00
07/19/2021	202.03	204.36	200.28	202.03	1418647.00
07/16/2021	202.89	203.97	202.22	203.11	734799.00
07/15/2021	202.49	203.25	201.76	202.17	1086460.00
07/14/2021	200.82	202.64	200.15	201.90	1213437.00
07/13/2021	201.65	203.28	200.08	200.39	1219399.00
07/12/2021	201.86	203.39	201.05	203.08	1299908.00
07/09/2021	201.42	201.86	200.02	201.72	1192762.00
07/08/2021	200.29	202.46	199.35	200.74	961871.00
07/07/2021	199.55	201.77	198.68	200.83	1524333.00
07/06/2021	197.02	199.72	196.61	199.63	1583675.00
07/02/2021	195.47	197.46	194.72	196.99	1372880.00
07/01/2021	194.86	195.88	193.36	194.70	2176695.00
06/30/2021	196.55	198.21	194.87	195.10	1643804.00
06/29/2021	198.10	199.17	196.64	197.35	1268297.00
06/28/2021	197.23	198.79	196.10	198.03	1218059.00
06/25/2021	195.97	197.13	195.74	196.53	1996883.00
06/24/2021	197.21	197.63	195.05	195.93	1079405.00
06/23/2021	197.00	197.32	195.62	196.01	1170809.00
06/22/2021	197.18	199.22	197.11	197.12	1396415.00
06/21/2021	195.02	198.00	193.70	197.65	1190672.00
06/18/2021	196.69	196.97	194.17	194.24	2997115.00
06/17/2021	193.30	197.06	193.02	196.86	1240856.00
06/16/2021	196.24	196.68	193.25	193.95	1381927.00
06/15/2021	197.00	197.00	195.29	195.51	1081342.00
06/14/2021	194.00	197.26	193.56	197.08	1057090.00
06/11/2021	198.74	198.92	193.50	194.34	1807264.00
06/10/2021	196.57	200.47	196.35	200.24	2569188.00
06/09/2021	197.26	198.07	195.91	197.09	1695801.00
06/08/2021	198.70	199.00	195.95	196.28	1625768.00
06/07/2021	196.90	198.90	196.23	198.04	1271048.00
06/04/2021	195.91	197.15	195.10	196.71	1013105.00
06/03/2021	194.80	195.36	193.80	194.91	1662384.00
06/02/2021	192.05	195.50	191.77	195.31	1579253.00
06/01/2021	190.72	191.57	189.52	191.52	1412034.00
05/28/2021	190.00	191.56	189.48	189.50	1583854.00
05/27/2021	188.07	189.51	187.28	189.28	2905380.00
05/26/2021	188.20	189.86	187.65	188.37	1541080.00
05/25/2021	186.61	188.99	185.13	188.20	1497233.00
05/24/2021	186.05	187.13	185.16	186.24	1890267.00
05/21/2021	184.83	186.08	183.96	185.55	1567346.00
05/20/2021	182.06	186.11	181.49	185.45	1177983.00
05/19/2021	182.17	183.27	179.66	181.85	1301368.00
05/18/2021	182.00	183.88	180.25	182.77	1615236.00
05/17/2021	180.91	182.81	180.81	182.00	1198668.00
05/14/2021	180.68	181.99	180.15	181.11	1438539.00
05/13/2021	179.10	181.08	178.14	179.75	1764161.00
05/12/2021	181.63	181.94	178.73	178.83	1414271.00
05/11/2021	182.09	183.00	180.55	182.22	1262115.00
05/10/2021	183.32	183.91	182.82	183.19	1452129.00
05/07/2021	182.48	184.28	181.96	183.32	2023017.00
05/06/2021	183.23	183.23	179.85	180.88	2141571.00
05/05/2021	183.79	184.53	181.68	183.18	1929003.00
05/04/2021	186.21	187.88	182.15	183.90	2966788.00
05/03/2021	189.08	189.14	187.16	187.70	1413363.00
04/30/2021	187.34	189.59	187.15	189.06	1310034.00
04/29/2021	186.40	188.36	184.90	187.96	1373957.00
04/28/2021	185.21	186.04	184.63	185.19	1097234.00
04/27/2021	186.77	186.77	184.15	184.74	1353557.00
04/26/2021	187.43	187.44	184.62	186.10	1382372.00
04/23/2021	185.15	188.13	184.68	187.18	1308708.00
04/22/2021	183.50	185.97	181.70	184.21	1971781.00
04/21/2021	183.96	184.68	181.79	182.89	1482055.00
04/20/2021	180.46	184.51	180.08	183.00	1900946.00
04/19/2021	180.40	180.96	178.67	180.72	1394616.00
04/16/2021	180.00	180.34	178.29	179.62	1390438.00
04/15/2021	176.71	179.64	176.59	179.47	2242501.00
04/14/2021	177.12	178.66	175.35	175.69	1564631.00
04/13/2021	177.23	179.33	176.61	177.11	1473637.00
04/12/2021	175.50	177.62	174.78	177.54	1425167.00
04/09/2021	175.30	176.61	174.38	175.24	1390829.00
04/08/2021	177.31	178.12	175.68	175.75	1606439.00
04/07/2021	176.59	177.29	174.89	176.26	1900063.00
04/06/2021	177.44	177.44	174.88	176.62	1751227.00
04/05/2021	174.86	177.71	174.49	177.44	2005936.00
04/01/2021	173.01	174.59	171.68	174.46	1815440.00
03/31/2021	171.03	172.88	169.81	172.13	2314382.00
03/30/2021	173.85	173.85	170.75	170.99	2030798.00
03/29/2021	173.29	175.34	171.73	175.03	2317737.00
03/26/2021	169.29	173.49	167.82	173.29	1866745.00
03/25/2021	167.58	168.20	166.40	167.49	1485140.00
03/24/2021	168.08	169.00	165.57	167.68	1855774.00
03/23/2021	167.91	170.16	166.68	168.69	2269302.00
03/22/2021	165.62	169.80	165.61	167.89	2404196.00
03/19/2021	165.45	168.34	164.49	165.62	4115870.00
03/18/2021	163.90	165.71	162.10	165.19	1561770.00
03/17/2021	164.79	166.00	163.26	164.96	2235078.00
03/16/2021	161.99	165.62	161.16	165.05	2594491.00
03/15/2021	158.24	162.02	157.75	161.54	2636076.00
03/12/2021	153.83	158.86	152.96	158.68	2381426.00
03/11/2021	152.50	156.63	152.22	155.74	2568561.00
03/10/2021	151.44	152.64	150.00	151.94	1860909.00
03/09/2021	148.39	151.76	148.20	151.04	2533621.00
03/08/2021	150.10	150.89	146.43	146.77	3389508.00
03/05/2021	149.94	151.01	146.15	150.15	3773828.00
03/04/2021	148.96	152.83	148.55	149.13	2880874.00
03/03/2021	153.37	153.44	148.50	148.52	2593469.00
03/02/2021	153.82	154.50	151.77	153.16	2443306.00
03/01/2021	156.34	157.98	153.61	153.73	2199013.00
02/26/2021	160.00	160.50	155.63	155.75	3615896.00
02/25/2021	161.02	162.70	157.89	159.61	2360705.00
02/24/2021	161.00	162.11	160.27	161.20	1732010.00
02/23/2021	166.30	166.30	161.64	161.64	2594822.00
02/22/2021	165.01	166.29	163.22	165.32	3437345.00
02/19/2021	165.44	166.39	164.77	165.80	4530802.00
02/18/2021	162.94	165.31	162.50	164.90	1745299.00
02/17/2021	161.11	163.38	161.00	163.13	1569370.00
02/16/2021	164.32	164.89	160.67	161.96	3150970.00
02/12/2021	162.35	164.70	161.51	164.46	2199525.00
02/11/2021	161.90	163.71	160.85	162.00	2336284.00
02/10/2021	164.81	165.48	162.88	163.08	1447596.00
02/09/2021	161.43	164.37	161.11	163.99	3077110.00
02/08/2021	161.98	162.04	157.20	160.90	2556052.00
02/05/2021	163.50	163.58	161.92	162.26	2192956.00
02/04/2021	162.63	164.65	161.23	163.13	2014379.00
02/03/2021	164.56	165.00	161.36	163.16	2201735.00
02/02/2021	165.08	167.11	164.25	165.61	1608445.00
02/01/2021	160.00	164.54	158.04	164.27	1898541.00
01/29/2021	156.13	159.90	155.11	159.26	2569697.00
01/28/2021	157.45	160.91	156.87	158.13	2522464.00
01/27/2021	162.77	163.00	159.11	159.88	1865995.00
01/26/2021	160.56	164.30	159.62	163.45	1882755.00
01/25/2021	160.05	162.31	159.51	160.89	1720096.00
01/22/2021	158.90	159.67	157.96	158.92	1367820.00
01/21/2021	158.15	159.79	157.11	159.34	1492526.00
01/20/2021	159.56	161.46	158.27	159.06	1671043.00
01/19/2021	158.87	160.00	157.02	159.39	2824653.00
01/15/2021	154.78	157.96	154.03	157.25	2437210.00
01/14/2021	154.09	156.12	152.42	154.76	3882469.00
01/13/2021	150.41	152.95	150.35	152.69	1457440.00
01/12/2021	152.41	152.99	149.14	150.46	2304114.00
01/11/2021	153.76	154.74	151.96	153.06	1622752.00
01/08/2021	153.82	155.13	153.35	154.06	2432694.00
01/07/2021	151.05	153.26	150.76	152.45	2568007.00
01/06/2021	154.61	154.66	151.34	151.43	2709917.00
01/05/2021	155.21	157.04	154.90	155.61	2380762.00
01/04/2021	158.35	159.06	154.37	155.00	2219002.00
12/31/2020	155.80	159.36	155.20	159.19	1579921.00
12/30/2020	155.99	157.19	155.69	156.39	1310078.00
12/29/2020	157.00	157.98	155.18	155.81	1771560.00
12/28/2020	154.34	156.32	153.43	156.25	1742490.00
12/24/2020	152.88	154.29	152.58	154.00	521785.00
12/23/2020	154.21	155.38	152.41	152.46	1977127.00
12/22/2020	152.71	154.29	152.00	153.49	2248656.00
12/21/2020	152.45	153.60	151.21	153.26	2423128.00
12/18/2020	154.82	155.80	152.09	153.81	5924479.00
12/17/2020	156.28	157.53	155.02	155.75	4831175.00
12/16/2020	155.88	157.25	153.52	154.12	4286478.00
12/15/2020	155.30	156.01	154.35	155.41	3089963.00
12/14/2020	157.91	158.90	154.92	155.19	2711966.00
12/11/2020	158.44	158.90	156.14	157.68	2702879.00
12/10/2020	158.38	159.55	156.50	157.22	2148198.00
12/09/2020	160.54	160.94	156.88	158.39	3029620.00
12/08/2020	162.80	163.75	161.02	161.33	2404024.00
12/07/2020	162.83	165.00	161.35	162.45	2032632.00
12/04/2020	167.92	167.95	163.03	163.50	2521287.00
12/03/2020	166.20	168.58	166.20	167.44	1861208.00
12/02/2020	170.04	170.56	166.32	166.84	1494253.00
12/01/2020	168.00	170.90	167.75	170.80	2891947.00
11/30/2020	167.00	167.75	164.01	167.57	3208980.00
11/27/2020	165.31	167.17	164.73	167.17	879727.00
11/25/2020	164.58	166.50	163.51	164.96	1932661.00
11/24/2020	167.80	168.26	164.01	164.25	2143929.00
11/23/2020	167.50	167.89	165.09	166.36	2038936.00
11/20/2020	168.11	168.84	166.25	166.97	1569842.00
11/19/2020	170.33	170.34	167.17	168.09	2220211.00
11/18/2020	166.29	172.13	165.95	170.65	3104414.00
11/17/2020	165.10	166.89	164.50	166.34	2371723.00
11/16/2020	169.27	169.42	164.50	165.42	2073461.00
11/13/2020	167.51	168.37	165.64	168.01	1650627.00
11/12/2020	164.32	167.13	164.01	166.95	1883718.00
11/11/2020	161.74	167.29	160.97	164.64	1254039.00
11/10/2020	161.78	162.07	157.67	160.42	2372514.00
11/09/2020	167.17	169.42	161.45	161.78	2174088.00
11/06/2020	163.41	165.28	162.11	164.07	877503.00
11/05/2020	163.72	164.44	161.61	162.92	1213399.00
11/04/2020	159.63	165.45	159.56	162.13	1684449.00
11/03/2020	160.79	162.40	159.14	160.35	1311511.00
11/02/2020	157.45	160.81	156.93	159.48	1260660.00
10/30/2020	156.64	157.59	154.08	156.20	1255995.00
10/29/2020	158.81	159.61	156.22	157.71	1310745.00
10/28/2020	158.50	160.08	156.50	156.85	1743447.00
10/27/2020	160.19	162.35	160.12	160.61	1763707.00
10/26/2020	157.70	160.43	156.67	159.92	1548074.00
10/23/2020	156.39	158.99	155.00	158.47	1784076.00
10/22/2020	162.64	163.34	154.61	156.25	3377480.00
10/21/2020	162.92	165.45	162.75	163.79	1434317.00
10/20/2020	164.67	165.64	162.26	164.46	2082405.00
10/19/2020	168.25	168.75	163.75	164.32	3165595.00
10/16/2020	167.04	168.45	166.36	166.90	1171730.00
10/15/2020	164.16	168.50	163.45	168.14	1046821.00
10/14/2020	167.17	167.49	164.50	165.03	1463929.00
10/13/2020	168.09	168.09	165.94	166.80	1635520.00
10/12/2020	168.23	168.50	166.52	168.23	1029684.00
10/09/2020	166.60	167.63	164.88	167.36	1010392.00
10/08/2020	165.75	169.31	165.34	165.78	1328956.00
10/07/2020	166.20	166.50	164.18	164.92	1514438.00
10/06/2020	168.75	168.75	164.44	165.09	2010009.00
10/05/2020	168.62	169.00	165.28	168.66	1450245.00
10/02/2020	166.91	169.30	166.10	168.62	2275694.00
10/01/2020	166.75	168.30	164.93	168.01	1693312.00
09/30/2020	164.80	167.00	164.35	166.50	2341666.00
09/29/2020	163.21	164.50	162.38	164.18	1552650.00
09/28/2020	163.89	164.75	161.83	163.59	1843922.00
09/25/2020	156.40	161.86	156.12	161.71	1827149.00
09/24/2020	156.53	159.26	155.65	157.40	2292170.00
09/23/2020	158.60	158.99	155.01	155.62	2495533.00
09/22/2020	157.10	160.89	157.05	159.98	2203050.00
09/21/2020	159.01	159.50	156.07	157.58	2017461.00
09/18/2020	162.23	162.62	158.92	159.68	3016580.00
09/17/2020	164.51	165.54	161.39	162.65	1820005.00
09/16/2020	164.94	167.79	164.16	166.17	1599036.00
09/15/2020	160.51	165.10	160.31	163.46	2093563.00
09/14/2020	158.24	160.86	158.22	160.16	1390175.00
09/11/2020	159.38	160.30	157.76	158.59	1267163.00
09/10/2020	160.67	161.09	158.65	158.76	1892414.00
09/09/2020	159.91	163.53	159.74	161.29	1743065.00
09/08/2020	159.81	161.44	157.62	158.50	2921466.00
09/04/2020	161.28	162.27	157.00	160.59	1943187.00
09/03/2020	166.36	166.82	160.58	161.71	1749115.00
09/02/2020	161.16	166.72	160.51	166.28	2362742.00
09/01/2020	162.51	163.04	160.36	162.10	1148576.00
08/31/2020	163.11	164.03	162.53	163.25	1386395.00
08/28/2020	163.30	164.04	161.70	163.79	1781196.00
08/27/2020	161.50	163.61	161.38	163.42	1859113.00
08/26/2020	160.00	161.42	158.89	160.97	1828217.00
08/25/2020	161.06	161.60	159.69	160.69	1443925.00
08/24/2020	163.10	163.10	159.00	161.01	1144689.00
08/21/2020	163.50	163.62	161.43	163.17	1077754.00
08/20/2020	160.00	163.75	160.00	162.88	1261531.00
08/19/2020	167.13	167.41	162.28	162.64	1487118.00
08/18/2020	165.73	168.21	165.34	166.00	1071459.00
08/17/2020	164.76	166.32	164.41	166.06	1182399.00
08/14/2020	164.34	165.88	163.63	164.63	1435283.00
08/13/2020	164.70	165.39	163.60	164.36	1309754.00
08/12/2020	162.99	166.16	162.62	165.20	1098663.00
08/11/2020	167.17	167.30	161.40	161.79	1865216.00
08/10/2020	168.06	168.22	164.92	166.18	2287487.00
08/07/2020	163.91	169.36	163.80	168.19	1633515.00
08/06/2020	164.01	165.29	163.43	163.87	1513690.00
08/05/2020	166.37	166.57	163.73	164.52	1714386.00
08/04/2020	164.40	167.77	164.15	165.88	2300182.00
08/03/2020	165.93	166.05	162.00	164.10	2800261.00
07/31/2020	169.57	170.20	165.90	166.70	3308567.00
07/30/2020	168.95	170.70	167.10	170.21	2780918.00
07/29/2020	172.93	175.15	172.10	173.87	2469789.00
07/28/2020	168.12	172.92	168.10	171.78	2070666.00
07/27/2020	167.00	169.19	166.34	168.44	1603259.00
07/24/2020	166.41	167.83	165.73	166.70	1498108.00
07/23/2020	167.54	168.79	164.72	166.76	1730740.00
07/22/2020	166.92	169.51	166.51	168.06	1368464.00
07/21/2020	171.50	171.50	166.68	167.53	2411659.00
07/20/2020	177.28	177.28	170.09	170.16	3817799.00
07/17/2020	166.74	170.15	165.64	168.96	1403367.00
07/16/2020	166.96	168.02	164.60	165.74	1623947.00
07/15/2020	171.14	171.62	167.34	168.00	1797137.00
07/14/2020	168.00	169.84	165.68	169.35	2534229.00
07/13/2020	171.28	171.88	166.04	166.91	2245380.00
07/10/2020	171.97	172.96	169.85	171.50	2070234.00
07/09/2020	170.89	172.25	168.98	171.65	1435288.00
07/08/2020	172.10	173.52	169.68	171.41	2282774.00
07/07/2020	171.96	173.95	171.20	171.51	1705150.00
07/06/2020	178.61	180.00	172.37	174.30	3263252.00
07/02/2020	173.72	174.00	169.69	170.72	2253925.00
07/01/2020	167.93	173.09	167.21	171.89	1780979.00
06/30/2020	162.94	167.99	162.84	167.35	2003062.00
06/29/2020	163.19	163.49	160.67	162.30	1402694.00
06/26/2020	164.41	164.83	160.68	161.33	2750571.00
06/25/2020	162.24	164.89	160.76	164.72	1302823.00
06/24/2020	164.00	165.84	159.15	162.10	2054570.00
06/23/2020	167.12	167.78	165.35	165.53	1727480.00
06/22/2020	169.48	170.00	165.27	166.34	2747876.00
06/19/2020	167.36	170.79	165.32	170.45	5199286.00
06/18/2020	168.17	168.88	164.33	165.25	1982293.00
06/17/2020	171.36	172.24	169.37	169.45	2422658.00
06/16/2020	172.00	172.00	166.65	169.59	2053252.00
06/15/2020	161.34	167.83	161.20	167.57	3734053.00
06/12/2020	164.79	165.70	162.50	164.37	1941256.00
06/11/2020	170.05	171.62	160.47	160.72	3072264.00
06/10/2020	174.22	175.74	171.68	174.09	1858263.00
06/09/2020	172.36	176.61	172.08	174.34	1717890.00
06/08/2020	168.00	173.17	168.00	172.83	1958503.00
06/05/2020	169.74	170.55	166.51	168.60	3265854.00
06/04/2020	173.53	174.28	166.11	167.65	1942049.00
06/03/2020	176.56	176.85	173.93	174.56	1917740.00
06/02/2020	174.92	175.95	172.15	174.55	3183260.00
06/01/2020	171.74	175.62	169.60	173.77	2907130.00
05/29/2020	168.12	172.54	166.56	172.16	3286333.00
05/28/2020	165.03	169.20	163.96	168.79	2437059.00
05/27/2020	159.84	163.07	158.09	163.06	1690831.00
05/26/2020	160.82	161.17	156.80	159.59	2657319.00
05/22/2020	151.55	156.88	149.95	156.20	1874247.00
05/21/2020	152.20	152.76	148.38	150.83	2254182.00
05/20/2020	153.52	154.19	151.36	152.36	1817005.00
05/19/2020	155.70	156.02	152.50	152.56	1349789.00
05/18/2020	153.25	157.45	152.97	156.40	2565893.00
05/15/2020	151.43	152.70	147.56	150.14	2593917.00
05/14/2020	152.76	152.81	149.52	152.04	1718510.00
05/13/2020	154.16	158.56	152.56	153.19	2143773.00
05/12/2020	159.98	160.25	151.71	154.22	1961225.00
05/11/2020	155.83	160.83	155.57	159.79	2017673.00
05/08/2020	157.32	158.24	155.84	157.70	1438616.00
05/07/2020	156.32	157.93	154.44	154.69	2337352.00
05/06/2020	159.19	159.94	154.98	154.99	1581633.00
05/05/2020	157.59	159.98	157.38	158.68	1174924.00
05/04/2020	157.15	157.80	152.29	157.73	1803762.00
05/01/2020	156.98	158.00	155.08	156.41	1553192.00
04/30/2020	150.60	159.90	150.60	159.43	3669619.00
04/29/2020	163.41	163.48	155.06	155.44	3280037.00
04/28/2020	163.03	166.00	160.95	161.26	2059926.00
04/27/2020	163.00	164.72	161.97	163.80	1626493.00
04/24/2020	161.61	162.25	158.53	161.61	1475015.00
04/23/2020	162.74	163.78	159.73	160.55	1537585.00
04/22/2020	161.86	165.19	161.55	163.17	1649370.00
04/21/2020	160.17	160.90	158.15	159.67	2103751.00
04/20/2020	165.26	166.52	162.40	162.42	1883695.00
04/17/2020	165.23	167.83	163.77	167.05	2059006.00
04/16/2020	164.44	165.03	160.95	161.80	2038616.00
04/15/2020	166.02	166.31	161.48	162.46	2697869.00
04/14/2020	160.29	165.90	159.14	165.78	2460880.00
04/13/2020	163.19	163.57	156.32	157.05	1725477.00
04/09/2020	158.26	164.77	157.82	164.14	4349902.00
04/08/2020	148.00	158.03	146.79	157.36	2153858.00
04/07/2020	153.55	154.48	146.30	146.54	2645605.00
04/06/2020	148.39	150.00	144.74	148.75	3211230.00
04/03/2020	144.85	147.53	142.61	145.62	2117575.00
04/02/2020	137.50	146.97	136.06	146.37	3240044.00
04/01/2020	137.67	140.23	133.80	137.59	2519228.00
03/31/2020	145.95	147.81	141.79	144.40	3082473.00
03/30/2020	140.50	148.66	139.30	148.06	2934556.00
03/27/2020	139.42	141.80	135.17	136.89	3220074.00
03/26/2020	128.00	143.74	128.00	142.47	4093343.00
03/25/2020	122.97	134.98	121.67	127.96	3121908.00
03/24/2020	121.83	124.40	114.18	123.71	4397392.00
03/23/2020	126.80	128.69	115.65	116.98	4029342.00
03/20/2020	129.31	136.50	125.60	128.06	5346445.00
03/19/2020	137.91	138.12	127.25	130.75	4548244.00
03/18/2020	141.16	148.68	131.11	138.31	4357067.00
03/17/2020	138.70	153.26	138.21	146.87	4441323.00
03/16/2020	138.93	147.36	135.03	135.82	3833921.00
03/13/2020	149.63	158.00	143.17	155.09	3769067.00
03/12/2020	143.19	150.35	132.69	142.51	3854395.00
03/11/2020	155.08	156.11	151.29	153.85	3287286.00
03/10/2020	153.61	159.43	148.64	159.35	2944498.00
03/09/2020	152.98	155.26	148.82	150.28	3291478.00
03/06/2020	159.26	161.59	154.73	160.82	3109434.00
03/05/2020	160.81	164.12	160.10	162.24	2513900.00
03/04/2020	160.62	164.22	158.45	163.56	2384668.00
03/03/2020	156.83	162.49	155.67	158.13	4248705.00
03/02/2020	143.93	156.52	143.82	156.24	4077808.00
02/28/2020	145.13	147.97	140.71	143.29	6204099.00
02/27/2020	148.74	156.25	147.00	148.40	5822365.00
02/26/2020	163.74	165.17	162.33	162.69	2295684.00
02/25/2020	167.05	167.92	162.43	163.02	2038702.00
02/24/2020	165.35	168.49	163.50	166.36	2092367.00
02/21/2020	166.66	168.75	165.91	168.06	3006039.00
02/20/2020	165.87	167.94	165.41	166.99	2180299.00
02/19/2020	166.27	166.85	164.52	165.60	1211530.00
02/18/2020	166.05	166.26	164.88	166.21	1275274.00
02/14/2020	164.47	166.40	164.01	165.97	1424644.00
02/13/2020	163.06	164.22	162.33	163.92	1202852.00
02/12/2020	160.83	163.44	158.80	163.21	1969901.00
02/11/2020	154.34	163.51	153.37	161.03	3488258.00
02/10/2020	151.06	153.00	150.89	152.92	1583610.00
02/07/2020	151.06	151.06	150.43	150.49	1119306.00
02/06/2020	150.13	151.21	149.41	150.50	1005163.00
02/05/2020	150.27	150.76	149.31	149.96	1257855.00
02/04/2020	149.63	151.86	148.90	150.45	1264650.00
02/03/2020	150.68	150.93	148.94	149.19	1225018.00
01/31/2020	151.06	151.79	148.72	149.84	1293997.00
01/30/2020	148.63	151.24	148.58	151.13	968252.00
01/29/2020	151.80	151.97	148.91	149.05	1519356.00
01/28/2020	150.15	151.78	149.73	151.73	1539144.00
01/27/2020	149.33	150.41	148.59	150.30	1363937.00
01/24/2020	150.00	150.71	149.26	149.90	868149.00
01/23/2020	149.13	150.21	148.00	149.78	1246838.00
01/22/2020	149.01	149.20	147.98	148.69	1920130.00
01/21/2020	145.32	148.34	145.12	148.21	1650490.00
01/17/2020	145.51	146.21	144.41	145.25	2070041.00
01/16/2020	144.40	145.25	143.77	145.23	1505533.00
01/15/2020	142.16	144.44	142.12	144.05	1431550.00
01/14/2020	142.95	143.48	141.05	141.95	1667050.00
01/13/2020	142.92	143.85	142.65	143.29	1743315.00
01/10/2020	140.40	142.56	140.20	142.40	2760365.00
01/09/2020	139.20	140.77	139.17	140.25	1534400.00
01/08/2020	139.01	139.91	138.59	139.45	2644555.00
01/07/2020	141.00	141.42	138.16	138.87	1668737.00
01/06/2020	142.14	142.68	141.25	141.26	1631847.00
01/03/2020	140.85	142.70	140.10	142.46	1254535.00
01/02/2020	142.33	142.66	141.13	141.68	1795533.00
12/31/2019	141.45	142.20	140.56	142.15	1591294.00
12/30/2019	140.69	141.45	139.94	141.40	1125000.00
12/27/2019	141.11	141.50	140.32	141.08	863741.00
12/26/2019	140.27	140.73	139.74	140.60	692475.00
12/24/2019	140.55	140.87	139.50	140.04	561304.00
12/23/2019	142.32	142.83	140.38	140.58	1035191.00
12/20/2019	142.05	142.46	140.50	142.00	3225945.00
12/19/2019	136.91	140.00	136.89	139.92	2640373.00
12/18/2019	133.52	137.55	133.49	137.20	2958145.00
12/17/2019	134.77	135.03	132.88	133.15	1990514.00
12/16/2019	132.98	134.84	132.53	134.50	2026676.00
12/13/2019	131.99	133.30	130.86	132.68	2966372.00
12/12/2019	133.66	133.73	131.30	132.00	2335747.00
12/11/2019	133.88	135.36	133.59	134.61	1916630.00
12/10/2019	136.38	136.92	133.00	134.00	1314522.00
12/09/2019	135.18	136.77	135.14	135.88	1625323.00
12/06/2019	134.76	135.69	134.30	135.46	1539559.00
12/05/2019	134.32	135.23	133.28	135.00	1945311.00
12/04/2019	133.34	135.03	132.93	134.53	1908618.00
12/03/2019	131.16	134.42	131.02	134.15	1955105.00
12/02/2019	133.45	134.13	130.86	130.95	2027739.00
11/29/2019	134.00	134.56	133.65	133.66	859058.00
11/27/2019	134.40	134.98	133.27	133.78	2048953.00
11/26/2019	132.09	134.44	132.09	134.41	5162795.00
11/25/2019	132.44	132.88	130.99	131.39	3022865.00
11/22/2019	135.42	136.82	132.32	132.32	1996419.00
11/21/2019	137.22	138.34	135.38	135.45	2378442.00
11/20/2019	134.31	137.06	134.31	136.89	1620877.00
11/19/2019	136.24	137.00	134.00	134.32	2681858.00
11/18/2019	134.78	137.31	134.73	135.94	1813513.00
11/15/2019	134.10	134.74	133.45	134.68	1736707.00
11/14/2019	131.82	133.92	131.40	133.67	2384257.00
11/13/2019	131.02	131.98	130.74	131.37	1800347.00
11/12/2019	131.11	131.44	130.28	130.66	2657820.00
11/11/2019	130.84	132.00	130.76	131.11	1879486.00
11/08/2019	130.58	133.06	130.48	130.81	2281079.00
11/07/2019	133.14	133.81	131.48	131.91	2548273.00
11/06/2019	132.16	134.20	132.11	133.91	2315843.00
11/05/2019	134.03	134.30	129.86	131.66	3106255.00
11/04/2019	137.28	137.28	134.48	134.50	1627072.00
11/01/2019	139.56	139.74	136.18	137.42	2546267.00
10/31/2019	139.32	139.74	138.16	138.79	2401108.00
10/30/2019	139.21	140.20	138.75	139.25	1959323.00
10/29/2019	139.38	140.40	138.66	139.02	1346752.00
10/28/2019	140.97	141.24	138.67	139.40	2219938.00
10/25/2019	141.50	141.83	140.26	141.00	2028982.00
10/24/2019	141.26	141.90	140.00	141.71	1657732.00
10/23/2019	141.00	142.09	139.97	140.90	1301492.00
10/22/2019	143.08	143.77	141.03	141.30	1324804.00
10/21/2019	144.05	144.05	141.32	143.35	1580037.00
10/18/2019	140.45	144.99	140.09	144.06	3129559.00
10/17/2019	135.52	140.86	135.52	139.58	2359623.00
10/16/2019	134.15	134.77	133.48	134.69	2276745.00
10/15/2019	136.22	136.44	133.50	134.65	1894881.00
10/14/2019	136.95	137.00	135.67	136.13	999793.00
10/11/2019	138.23	138.60	136.57	136.68	1851818.00
10/10/2019	136.60	138.42	135.80	138.22	2212580.00
10/09/2019	137.36	137.81	136.50	137.25	1475565.00
10/08/2019	137.33	138.00	135.92	137.08	2297939.00
10/07/2019	137.45	138.02	135.71	137.44	1673517.00
10/04/2019	137.52	138.51	137.31	137.92	2180088.00
10/03/2019	136.88	138.08	136.36	137.34	2446617.00
10/02/2019	136.94	137.30	135.23	136.50	2249375.00
10/01/2019	138.89	139.19	136.68	136.79	2241468.00
09/30/2019	138.43	139.82	138.17	139.01	2540497.00
09/27/2019	141.74	141.98	136.53	137.87	2696487.00
09/26/2019	140.03	142.48	140.01	142.00	1160098.00
09/25/2019	142.82	142.82	140.00	140.09	1513561.00
09/24/2019	141.87	142.91	141.62	142.35	1292545.00
09/23/2019	140.72	142.20	139.00	141.44	1300182.00
09/20/2019	141.67	142.04	139.53	140.58	2350528.00
09/19/2019	141.00	141.91	140.56	141.24	1611367.00
09/18/2019	142.99	143.27	138.76	140.55	2553434.00
09/17/2019	138.91	142.63	138.91	142.48	2064800.00
09/16/2019	136.12	138.55	135.86	137.96	1693756.00
09/13/2019	138.61	139.66	135.67	136.44	2276789.00
09/12/2019	138.42	140.00	137.05	138.81	1699150.00
09/11/2019	139.07	140.42	137.91	138.66	2205905.00
09/10/2019	142.33	142.36	138.23	139.32	2363879.00
09/09/2019	146.23	146.30	143.14	143.48	1631632.00
09/06/2019	147.04	147.77	145.92	146.44	977830.00
09/05/2019	149.35	149.40	146.10	147.07	1273343.00
09/04/2019	148.00	149.47	147.78	149.07	1367684.00
09/03/2019	145.09	147.60	144.86	147.58	1361455.00
08/30/2019	146.35	146.35	144.38	145.17	2070406.00
08/29/2019	147.16	147.75	145.02	145.95	1396430.00
08/28/2019	146.18	147.88	145.89	146.45	1447623.00
08/27/2019	148.04	148.70	146.03	146.07	1694577.00
08/26/2019	147.00	147.91	146.39	147.59	981045.00
08/23/2019	146.50	147.88	145.84	146.34	1751434.00
08/22/2019	145.24	146.32	144.10	146.11	893322.00
08/21/2019	145.33	145.72	144.54	145.17	1201376.00
08/20/2019	145.50	145.63	143.84	144.51	1434463.00
08/19/2019	143.65	145.07	142.52	144.86	1090770.00
08/16/2019	143.34	143.59	141.73	142.92	1636979.00
08/15/2019	139.04	142.81	138.69	142.41	1222507.00
08/14/2019	141.58	141.81	138.86	138.94	1693366.00
08/13/2019	141.08	142.24	139.27	141.95	1767752.00
08/12/2019	141.57	142.14	140.48	141.50	904856.00
08/09/2019	140.97	141.87	139.31	141.24	1632535.00
08/08/2019	138.14	141.15	137.06	140.94	1713797.00
08/07/2019	135.65	139.29	133.59	138.25	2498262.00
08/06/2019	133.21	136.57	133.02	136.30	1834945.00
08/05/2019	134.84	135.19	132.11	133.13	1835522.00
08/02/2019	133.87	135.94	133.03	135.23	1449990.00
08/01/2019	134.63	135.51	133.53	133.84	2102204.00
07/31/2019	133.09	134.22	131.37	133.26	3278149.00
07/30/2019	130.34	132.85	130.06	132.68	1785568.00
07/29/2019	131.24	132.48	129.76	130.16	2386757.00
07/26/2019	129.99	130.89	129.35	130.58	2143455.00
07/25/2019	129.20	129.60	127.27	129.47	1746535.00
07/24/2019	127.86	129.28	127.16	129.21	2105830.00
07/23/2019	126.54	127.74	125.66	127.70	1950995.00
07/22/2019	125.48	127.02	124.63	126.42	1911963.00
07/19/2019	127.53	128.34	125.21	125.48	4059063.00
07/18/2019	125.31	128.60	123.87	126.87	5463930.00
07/17/2019	133.03	133.20	130.93	131.62	1640854.00
07/16/2019	133.33	134.06	132.66	132.72	1202007.00
07/15/2019	132.80	134.15	132.27	133.19	1660460.00
07/12/2019	134.77	134.85	131.74	132.52	2130302.00
07/11/2019	136.02	136.63	133.99	134.21	1404631.00
07/10/2019	135.48	136.28	134.95	136.08	1058498.00
07/09/2019	134.51	135.55	134.36	135.32	1393141.00
07/08/2019	134.26	135.48	133.77	135.09	1105783.00
07/05/2019	133.67	134.84	131.71	134.23	849200.00
07/03/2019	133.59	134.80	133.44	134.52	946822.00
07/02/2019	130.61	133.46	130.23	133.25	1915356.00
07/01/2019	130.84	130.92	126.84	130.12	2249978.00
06/28/2019	130.29	131.09	129.91	130.35	3630747.00
06/27/2019	130.99	131.97	130.33	130.47	2153281.00
06/26/2019	133.08	133.46	129.89	130.46	2049055.00
06/25/2019	135.48	135.84	133.19	133.25	1936921.00
06/24/2019	136.18	136.38	134.97	135.15	1444345.00
06/21/2019	136.75	136.92	135.20	135.78	2477897.00
06/20/2019	137.00	137.85	136.43	136.92	1659372.00
06/19/2019	135.25	136.95	134.78	136.62	1599465.00
06/18/2019	136.71	137.25	135.48	136.04	1889215.00
06/17/2019	133.67	136.01	133.42	135.99	1541697.00
06/14/2019	132.84	133.69	132.51	133.31	1417635.00
06/13/2019	133.16	133.90	132.01	132.55	1925317.00
06/12/2019	136.09	137.31	134.94	135.09	1756562.00
06/11/2019	134.76	136.27	133.74	135.90	2524369.00
06/10/2019	135.51	135.70	134.17	134.71	1467206.00
06/07/2019	135.77	136.39	135.06	135.22	1348383.00
06/06/2019	134.80	135.35	133.75	135.05	1266627.00
06/05/2019	132.48	134.65	131.19	134.57	1943328.00
06/04/2019	131.50	131.96	130.08	131.86	2141223.00
06/03/2019	130.11	132.06	129.34	131.83	2616328.00
05/31/2019	127.69	131.90	127.46	130.01	3175515.00
05/30/2019	125.89	127.84	125.25	127.69	2377251.00
05/29/2019	126.18	127.07	125.19	125.51	1423896.00
05/28/2019	128.04	129.03	126.12	126.12	1492080.00
05/24/2019	129.65	129.66	127.72	127.83	2023584.00
05/23/2019	126.45	127.76	126.02	127.69	1472259.00
05/22/2019	125.26	126.76	125.26	126.63	1224821.00
05/21/2019	124.05	125.30	122.94	125.05	1541721.00
05/20/2019	126.06	126.09	122.60	123.49	3521365.00
05/17/2019	127.05	127.85	126.90	127.25	1817442.00
05/16/2019	127.12	128.07	127.08	127.53	1396151.00
05/15/2019	126.82	127.99	126.30	127.24	1083726.00
05/14/2019	126.49	128.05	126.43	126.89	1717072.00
05/13/2019	124.80	126.50	124.69	126.30	1709973.00
05/10/2019	124.01	126.14	123.70	125.68	1352040.00
05/09/2019	123.65	124.81	122.73	124.03	1191461.00
05/08/2019	123.36	124.89	123.03	123.71	1273313.00
05/07/2019	124.63	124.83	122.37	123.23	1171945.00
05/06/2019	124.28	125.11	123.42	124.77	1172796.00
05/03/2019	124.43	125.22	124.19	124.79	772300.00
05/02/2019	124.53	125.29	123.77	124.03	1223292.00
05/01/2019	125.63	126.70	124.37	124.45	1481365.00
04/30/2019	123.68	125.93	122.74	125.78	2061450.00
04/29/2019	124.00	124.32	123.29	123.60	1330224.00
04/26/2019	123.50	124.70	123.04	124.01	1644469.00
04/25/2019	123.04	123.15	122.05	122.66	1405098.00
04/24/2019	123.69	124.36	122.58	123.12	2045711.00
04/23/2019	123.09	123.84	122.14	123.43	1879801.00
04/22/2019	122.61	122.70	120.71	122.58	2050407.00
04/18/2019	121.75	123.94	119.81	122.62	2748539.00
04/17/2019	127.22	127.22	122.93	124.17	3249974.00
04/16/2019	127.34	127.52	123.69	124.61	3001698.00
04/15/2019	128.85	129.10	127.00	127.40	2395893.00
04/12/2019	128.32	128.96	126.91	128.87	1799722.00
04/11/2019	130.38	130.60	128.35	128.73	1873534.00
04/10/2019	130.16	130.35	129.68	130.25	1534081.00
04/09/2019	128.55	129.88	128.28	129.83	1607958.00
04/08/2019	128.96	129.36	128.01	128.51	1625751.00
04/05/2019	128.22	129.20	127.53	129.10	962775.00
04/04/2019	128.68	128.75	127.32	128.21	966047.00
04/03/2019	128.36	128.74	127.04	128.38	1466472.00
04/02/2019	126.67	128.58	126.38	128.37	1203149.00
04/01/2019	128.37	128.37	126.02	126.67	1810967.00
03/29/2019	127.23	128.20	126.52	128.00	2609454.00
03/28/2019	126.68	127.25	125.96	127.23	2477468.00
03/27/2019	125.47	126.40	124.53	126.38	1673051.00
03/26/2019	125.67	126.89	124.73	125.54	1496390.00
03/25/2019	125.58	125.97	125.06	125.28	2186513.00
03/22/2019	126.36	127.68	125.49	125.50	1917603.00
03/21/2019	125.30	127.13	125.17	126.40	2587972.00
03/20/2019	124.59	126.10	123.68	125.76	2154349.00
03/19/2019	124.70	125.24	123.94	124.57	2166948.00
03/18/2019	125.15	125.59	124.04	124.66	1865188.00
03/15/2019	124.50	125.14	124.05	125.03	3155033.00
03/14/2019	124.13	124.37	123.20	124.01	1660439.00
03/13/2019	124.23	125.66	124.01	125.01	2509434.00
03/12/2019	123.72	124.40	123.19	123.85	1766233.00
03/11/2019	121.18	123.62	121.10	123.54	1564829.00
03/08/2019	120.72	121.59	120.19	120.96	1133840.00
03/07/2019	120.60	121.70	120.28	120.74	1614972.00
03/06/2019	119.86	121.22	119.60	120.68	1884228.00
03/05/2019	119.51	120.30	119.33	119.58	1272682.00
03/04/2019	119.65	119.78	117.85	119.51	1647665.00
03/01/2019	118.85	119.37	117.40	119.23	1462132.00
02/28/2019	118.38	120.00	117.85	118.75	2215068.00
02/27/2019	118.11	118.71	117.03	118.32	1096953.00
02/26/2019	118.39	118.82	117.75	118.17	1251882.00
02/25/2019	120.06	120.13	117.94	118.17	2104369.00
02/22/2019	119.68	120.23	118.69	119.87	1289973.00
02/21/2019	119.11	119.94	118.36	119.36	1782714.00
02/20/2019	120.39	120.39	119.04	119.58	2355327.00
02/19/2019	120.23	120.56	119.61	120.15	1602621.00
02/15/2019	119.69	120.20	118.93	120.13	1861026.00
02/14/2019	118.46	119.12	117.83	118.75	1168128.00
02/13/2019	117.53	118.50	117.03	118.44	1538894.00
02/12/2019	118.40	118.55	116.79	117.38	2072661.00
02/11/2019	118.43	118.96	117.93	118.44	1233444.00
02/08/2019	118.07	118.63	117.45	118.37	2113537.00
02/07/2019	116.72	118.43	116.72	118.28	1521422.00
02/06/2019	119.41	119.43	117.17	117.36	2007688.00
02/05/2019	117.65	119.24	117.40	119.22	2352857.00
02/04/2019	116.82	117.64	115.96	117.64	1915138.00
02/01/2019	117.22	117.27	114.86	116.98	1982036.00
01/31/2019	115.47	117.20	114.27	117.06	3463175.00
01/30/2019	114.94	116.27	114.87	115.47	2357812.00
01/29/2019	114.05	115.11	114.04	115.05	1788059.00
01/28/2019	113.69	114.59	112.75	114.38	2026901.00
01/25/2019	112.74	114.77	112.30	113.70	2449496.00
01/24/2019	110.79	112.88	109.58	111.91	2990291.00
01/23/2019	109.71	110.30	108.97	110.27	2557981.00
01/22/2019	107.62	109.21	107.51	109.19	2322250.00
01/18/2019	108.23	108.35	106.90	107.61	1907564.00
01/17/2019	107.21	108.01	106.76	107.62	1488452.00
01/16/2019	107.15	107.86	106.52	107.33	1483477.00
01/15/2019	106.71	107.85	106.40	107.40	1271754.00
01/14/2019	106.80	107.18	104.22	106.42	1989154.00
01/11/2019	106.61	107.72	105.93	107.38	1482701.00
01/10/2019	105.62	107.12	105.11	106.85	2276996.00
01/09/2019	107.36	107.54	104.43	105.67	3213594.00
01/08/2019	109.47	109.60	107.34	107.54	3250643.00
01/07/2019	108.42	109.70	108.18	108.60	1431332.00
01/04/2019	107.30	108.87	106.87	108.07	1591317.00
01/03/2019	105.82	108.65	105.82	106.48	2288040.00
01/02/2019	107.62	107.62	105.16	105.95	2127782.00
12/31/2018	108.50	108.66	106.68	108.63	1375829.00
12/28/2018	108.96	109.24	107.43	108.12	1575585.00
12/27/2018	107.14	107.88	104.42	107.88	1690551.00
12/26/2018	104.02	107.64	103.21	107.63	2234487.00
12/24/2018	106.25	106.56	103.87	103.87	1501109.00
12/21/2018	108.35	111.18	106.11	106.20	4839695.00
12/20/2018	110.06	111.31	109.23	110.00	3422433.00
12/19/2018	111.26	112.75	110.13	110.26	2324317.00
12/18/2018	111.47	112.71	109.95	110.62	2091473.00
12/17/2018	114.55	114.77	110.86	110.91	2837465.00
12/14/2018	114.50	115.18	113.69	114.55	2231127.00
12/13/2018	114.76	115.84	114.02	115.05	2153356.00
12/12/2018	116.74	117.52	115.45	115.48	2173434.00
12/11/2018	116.74	117.17	116.00	116.14	1732630.00
12/10/2018	115.73	116.66	114.31	116.10	2188909.00
12/07/2018	117.12	117.58	115.32	115.76	2308234.00
12/06/2018	114.42	117.60	113.23	117.47	3247326.00
12/04/2018	113.66	115.41	113.66	115.00	2907850.00
12/03/2018	114.68	115.33	111.34	113.70	3640830.00
11/30/2018	113.30	114.95	112.71	114.90	3752310.00
11/29/2018	112.16	113.37	111.50	113.00	2646970.00
11/28/2018	110.70	112.37	110.19	112.12	1865100.00
11/27/2018	108.53	110.51	108.29	110.48	2016159.00
11/26/2018	108.34	108.59	107.90	108.39	1539945.00
11/23/2018	109.24	109.43	107.92	107.96	684706.00
11/21/2018	109.43	110.18	108.63	109.47	2113016.00
11/20/2018	112.67	112.93	109.63	109.63	2550341.00
11/19/2018	112.17	113.78	111.54	112.27	2006854.00
11/16/2018	110.42	112.36	110.06	112.12	2328878.00
11/15/2018	110.07	110.99	108.81	110.59	2648746.00
11/14/2018	111.26	111.26	109.25	110.30	1837004.00
11/13/2018	110.05	111.07	109.53	110.68	2137331.00
11/12/2018	110.79	111.89	109.66	109.73	2334091.00
11/09/2018	111.47	111.92	110.54	110.87	1495786.00
11/08/2018	111.59	111.89	110.48	111.47	2177176.00
11/07/2018	111.35	112.45	111.05	111.73	1844570.00
11/06/2018	111.19	111.84	110.53	111.21	1365403.00
11/05/2018	109.81	111.70	109.75	111.03	2731285.00
11/02/2018	109.25	109.63	107.88	109.34	2817426.00
11/01/2018	109.24	110.25	108.66	109.32	2540522.00
10/31/2018	109.68	110.03	107.93	108.74	3168151.00
10/30/2018	106.77	110.12	105.98	109.52	3117118.00
10/29/2018	104.20	106.76	104.14	106.05	4762732.00
10/26/2018	106.61	106.89	103.29	103.54	3148703.00
10/25/2018	107.10	108.30	106.03	107.35	3272047.00
10/24/2018	106.42	108.44	106.21	106.78	4904402.00
10/23/2018	105.54	106.34	104.53	106.16	3149460.00
10/22/2018	107.26	107.83	105.78	105.78	2462483.00
10/19/2018	106.67	107.89	106.06	106.93	2567826.00
10/18/2018	106.00	108.65	105.02	106.62	3933088.00
10/17/2018	107.13	107.50	105.65	106.79	2465071.00
10/16/2018	105.57	107.14	105.10	106.90	2210517.00
10/15/2018	104.81	106.63	104.74	105.51	1871142.00
10/12/2018	106.27	106.91	104.06	104.95	3033440.00
10/11/2018	108.98	108.98	104.60	105.28	2324837.00
10/10/2018	111.07	111.50	108.70	108.71	3186697.00
10/09/2018	110.31	112.07	110.19	111.07	2330320.00
10/08/2018	108.98	111.07	108.95	110.27	2149299.00
10/05/2018	108.41	109.42	108.13	108.74	1232122.00
10/04/2018	108.44	108.88	107.19	108.32	1279969.00
10/03/2018	109.28	110.15	107.79	108.84	1757516.00
10/02/2018	110.45	110.73	109.02	109.08	1830814.00
10/01/2018	111.33	111.96	110.37	110.41	2121405.00
09/28/2018	109.23	111.39	109.23	111.33	2375104.00
09/27/2018	108.86	109.63	108.64	108.92	2020892.00
09/26/2018	109.69	110.35	108.31	108.53	2141938.00
09/25/2018	110.26	111.02	109.57	109.69	1513795.00
09/24/2018	111.48	111.85	110.03	110.23	1918273.00
09/21/2018	112.01	112.86	111.67	111.71	2906154.00
09/20/2018	111.72	112.76	111.29	112.40	2274543.00
09/19/2018	112.38	112.55	111.50	111.82	2120208.00
09/18/2018	112.51	113.09	112.09	112.17	1282372.00
09/17/2018	111.60	113.05	111.36	112.70	1738303.00
09/14/2018	112.34	112.44	111.15	111.55	1541665.00
09/13/2018	111.46	113.01	111.06	112.50	1779530.00
09/12/2018	112.26	112.55	111.50	112.22	1515831.00
09/11/2018	112.50	112.63	111.93	112.11	1996396.00
09/10/2018	113.38	113.77	112.57	112.63	1915100.00
09/07/2018	113.90	114.01	112.97	113.02	1236566.00
09/06/2018	114.05	114.45	113.34	114.33	1131985.00
09/05/2018	113.35	113.92	112.64	113.90	1247769.00
09/04/2018	113.70	114.28	113.26	113.64	1197597.00
08/31/2018	113.79	114.81	113.68	114.03	2180980.00
08/30/2018	114.23	114.44	113.40	113.76	1385220.00
08/29/2018	113.57	114.50	113.37	113.97	2493354.00
08/28/2018	111.58	113.61	111.51	113.57	1429180.00
08/27/2018	112.82	112.82	111.41	111.63	1531227.00
08/24/2018	111.70	112.86	111.49	112.43	1479353.00
08/23/2018	111.71	112.14	111.33	111.58	1116579.00
08/22/2018	112.76	112.91	111.09	111.66	2589934.00
08/21/2018	114.29	114.29	112.57	112.85	3458615.00
08/20/2018	113.95	114.52	112.99	114.26	1818714.00
08/17/2018	112.86	113.89	112.44	113.86	1850884.00
08/16/2018	112.07	113.01	112.03	112.69	1694732.00
08/15/2018	111.30	112.35	110.85	112.25	1854010.00
08/14/2018	110.80	111.36	110.40	111.25	1345317.00
08/13/2018	110.09	110.94	109.74	110.62	1406722.00
08/10/2018	111.29	112.33	110.29	110.34	948120.00
08/09/2018	109.95	111.50	109.92	111.42	1743632.00
08/08/2018	111.41	111.66	109.81	109.96	2289262.00
08/07/2018	111.03	111.39	109.42	111.25	3557404.00
08/06/2018	112.66	113.28	110.85	111.00	3334137.00
08/03/2018	111.40	112.59	110.95	112.49	1305710.00
08/02/2018	111.68	111.98	110.89	111.25	1256212.00
08/01/2018	110.16	111.69	109.55	111.54	1559052.00
07/31/2018	109.58	111.40	109.55	110.83	2921886.00
07/30/2018	108.99	109.75	108.16	109.61	2422000.00
07/27/2018	109.95	110.35	108.99	109.06	1596088.00
07/26/2018	109.24	109.87	109.16	109.55	1792648.00
07/25/2018	108.38	109.43	107.78	108.92	2158511.00
07/24/2018	108.25	108.94	106.95	107.99	4123566.00
07/23/2018	110.22	110.63	108.17	108.75	2227206.00
07/20/2018	110.78	111.61	109.96	110.33	3103447.00
07/19/2018	109.65	112.25	109.65	111.03	2178743.00
07/18/2018	110.52	110.76	109.81	110.44	2156239.00
07/17/2018	110.83	110.96	110.06	110.87	2896529.00
07/16/2018	111.06	111.06	109.85	110.57	1178141.00
07/13/2018	111.20	111.49	110.34	111.06	1109979.00
07/12/2018	111.25	111.57	110.27	110.75	2011159.00
07/11/2018	110.56	111.46	110.32	110.86	1771086.00
07/10/2018	109.58	110.81	108.00	110.60	3474911.00
07/09/2018	111.54	111.79	108.99	109.61	2164590.00
07/06/2018	111.42	112.04	110.83	111.27	1800962.00
07/05/2018	109.05	111.11	109.05	111.00	2311279.00
07/03/2018	108.32	109.88	107.67	109.01	2165477.00
07/02/2018	107.85	108.56	106.91	108.18	2178620.00
06/29/2018	106.91	108.34	106.19	107.82	2789254.00
06/28/2018	106.70	107.81	106.40	107.60	2087374.00
06/27/2018	106.40	107.49	105.95	106.33	1775604.00
06/26/2018	104.65	106.50	104.21	106.36	3673132.00
06/25/2018	103.54	104.43	103.03	104.28	2173516.00
06/22/2018	103.17	104.06	102.35	103.60	3059510.00
06/21/2018	102.55	103.55	102.52	102.91	1153766.00
06/20/2018	101.70	102.89	101.29	102.59	1825777.00
06/19/2018	100.50	102.70	100.50	101.93	2504116.00
06/18/2018	100.74	101.12	100.41	100.96	2242034.00
06/15/2018	101.52	102.29	100.74	101.09	3324226.00
06/14/2018	99.99	101.94	99.99	101.17	3432962.00
06/13/2018	104.43	104.59	100.93	101.07	2606081.00
06/12/2018	103.17	104.71	102.51	104.68	2966611.00
06/11/2018	102.96	104.22	102.78	103.33	1941154.00
06/08/2018	102.71	103.20	102.06	103.04	2840601.00
06/07/2018	103.18	103.30	101.87	102.48	1739872.00
06/06/2018	103.11	103.32	101.90	102.89	2206542.00
06/05/2018	104.37	104.48	102.80	103.15	2849947.00
06/04/2018	104.39	104.99	103.58	104.34	2445056.00
06/01/2018	104.30	104.30	102.81	103.80	1335410.00
05/31/2018	103.57	104.29	102.95	104.15	3124243.00
05/30/2018	103.37	104.44	103.02	104.02	1348085.00
05/29/2018	102.50	104.10	102.45	103.46	2609866.00
05/25/2018	102.00	103.26	101.90	102.74	1427365.00
05/24/2018	102.29	102.55	101.44	101.85	1553224.00
05/23/2018	101.71	102.33	101.31	102.16	1052755.00
05/22/2018	102.01	102.11	101.11	101.72	2585103.00
05/21/2018	102.85	102.90	101.34	102.10	1610176.00
05/18/2018	101.92	103.20	101.61	102.23	1983045.00
05/17/2018	103.13	103.18	101.49	101.91	1964613.00
05/16/2018	103.08	103.44	102.51	102.99	1699598.00
05/15/2018	102.79	103.33	101.71	103.28	2942708.00
05/14/2018	103.68	103.99	102.54	103.29	1276852.00
05/11/2018	105.00	105.66	103.23	103.61	1476119.00
05/10/2018	104.00	105.98	103.89	104.92	2175768.00
05/09/2018	103.00	103.84	102.19	103.79	2456035.00
05/08/2018	102.12	102.79	101.56	102.74	2732494.00
05/07/2018	103.24	103.94	101.90	102.56	1675607.00
05/04/2018	101.51	104.00	101.51	103.31	1861705.00
05/03/2018	100.87	102.10	100.26	101.57	2083726.00
05/02/2018	100.44	102.07	100.43	100.82	3714032.00
05/01/2018	101.25	101.71	99.77	100.86	3706482.00
04/30/2018	99.99	103.78	98.85	100.87	6689277.00
04/27/2018	102.92	103.12	100.50	101.31	4451614.00
04/26/2018	105.22	105.89	104.75	105.10	3342301.00
04/25/2018	104.98	105.37	104.64	105.20	2095851.00
04/24/2018	105.40	106.41	104.79	105.35	3866615.00
04/23/2018	103.28	105.03	102.97	104.95	3117396.00
04/20/2018	102.87	104.85	102.45	102.62	3004549.00
04/19/2018	105.10	105.57	101.52	102.64	4308821.00
04/18/2018	105.99	107.52	105.45	106.59	2084529.00
04/17/2018	104.92	107.06	104.32	106.14	3159859.00
04/16/2018	104.30	105.06	103.71	104.33	1738866.00
04/13/2018	104.36	105.01	103.13	103.76	1393207.00
04/12/2018	105.20	105.29	103.12	103.86	2088470.00
04/11/2018	102.87	106.35	102.57	104.86	2665853.00
04/10/2018	109.48	109.83	101.69	103.64	5920034.00
04/09/2018	108.17	110.04	107.92	108.86	2418212.00
04/06/2018	109.85	110.32	107.88	108.01	2273304.00
04/05/2018	109.00	110.33	108.52	109.80	2773858.00
04/04/2018	106.94	109.12	106.94	108.91	3047356.00
