CCI 1009

4/4/22	189.03	189.99	187.34	189.09	1216047
4/01/2022	185.05	189.17	182.93	189.04	1292833
03/1/22	185	187.67	184.47	184.6	2602488
03/8/2022	182.94	184.69	181.88	184.56	1595696
3/29/2022	181.64	184.07	181.64	183.87	1441461
03/28/22	178.27	180.86	178.24	180.83	1470230
03/25/22	176.45	177.86	174.79	177.58	1422509
03/24/22	172.98	175.42	172.1432	175.31	1568699
03/23/22	173.67	175.265	171.62	173.42	1205985
03/22/22	175.09	175.95	173.48	174.02	1707099
03/21/22	174.57	176.605	174.08	175.1	2036860
03/18/22	179.85	180	174.63	174.88	3674624
03/17/22	173.4	177.14	173.4	176.92	1411519
03/16/22	173.75	175	170.205	173.4	1866552
03/15/22	174.56	175.62	171.69	172.76	1855850
03/14/22	172.75	173.88	170.71	172.77	1435049
03/11/2022	177.31	179.2	173.54	173.63	1179283
03/10/2022	172.05	176.63	170.405	176.17	1624519
03/09/2022	175.94	177.13	173.49	173.96	1238259
03/08/2022	175.81	179.3	173.83	173.85	1962302
03/07/2022	178.13	179.11	176.08	176.78	2091863
03/04/2022	174.66	180.07	174.53	179.1	1741876
03/03/2022	174.1	176.865	173.26	175.84	1846234
03/02/2022	168.3	174.07	168.3	173.2	3584768
03/01/2022	167.6	169.35	166.47	168.01	1985941
02/28/22	166.66	167.59	164.555	166.59	3137933
02/25/22	165.69	167.78	163.9501	167.58	1676302
02/24/22	157.71	165.57	157.16	165	2967212
02/23/22	163.29	164.7201	159.88	159.93	1920017
02/22/22	162.3	164.94	160.3	163.15	2584636
02/18/22	163.35	164.84	161.1	162.34	4020701
02/17/22	164.97	165.12	163.1	163.37	3107151
02/16/22	165.63	165.97	163.35	164.67	2050353
02/15/22	169.18	169.43	164.9	165.6	2541787
02/14/22	169.34	169.88	166.3	167.58	2146082
02/11/2022	173.24	174.5	167.67	168.88	2920107
02/10/2022	177.1	178.881	172.44	173.05	1877404
02/09/2022	179.28	181.11	178.57	179.64	2814954
02/08/2022	180.78	181.26	177.25	177.49	1840643
02/07/2022	180.54	182.52	180.04	180.89	1098741
02/04/2022	179.61	182.75	178.5	180.3	1095089
02/03/2022	182.8	183.627	181.39	181.68	990079
02/02/2022	181.49	184.63	181.0901	184	1649311
02/01/2022	181.96	182.85	178.61	180.57	1460418
01/31/22	179.7	182.74	178.745	182.51	2076259
01/28/22	175.02	180.78	172.07	180.68	1934713
01/27/22	177.5	178	170.08	171.57	2298807
01/26/22	183.3	184.4238	175.81	176.9	2469147
01/25/22	181.63	183.87	179.78	182.18	1459845
01/24/22	181.4	184.13	177.8	183.61	2102108
01/21/22	183	185.0178	181.3384	182.25	1413217
01/20/22	183.44	186.31	181.3184	181.65	1440850
01/19/22	184.82	186.8	183.15	183.19	1981198
01/18/22	182	184.77	181.29	184	1682928
01/14/22	186.95	187.31	181.81	184.15	1639211
01/13/22	189.52	190.18	186.78	187.38	1614941
01/12/2022	187.42	190.7612	187	189.42	2051868
01/11/2022	190.95	190.95	185.975	187.59	2446736
01/10/2022	192.61	192.61	188.11	190.67	1937325
01/07/2022	192.69	197.23	191.26	194.73	2260951
01/06/2022	189.52	193.25	185.25	192.5	2592555
01/05/2022	198.75	198.75	187.87	188.46	3577199
01/04/2022	207.14	208.25	201.9	202.15	1896625
01/03/2022	209	209	203.78	207.74	1641819
12/31/21	208.3	209.865	207.54	208.74	739444
12/30/21	208	208.69	206.71	207.92	735512
12/29/21	206.04	207.73	204.6872	207.3	849603
12/28/21	204.75	206.84	204.05	206.3	1156098
12/27/21	200.57	204.92	199.73	204.75	920630
12/23/21	199.64	200.65	198.16	199.39	1211007
12/22/21	199.29	199.84	198.13	199.58	1165102
12/21/21	202.95	203.83	197.56	198.58	1439526
12/20/21	199.58	202.64	198.6076	202.13	1096516
12/17/21	200.73	204.15	199.8	201.34	3381681
12/16/21	197.24	200.97	196.71	200.47	1631248
12/15/21	196.01	197.66	194.6735	197	1291424
12/14/21	196.77	196.99	192.66	194.9	1629143
12/13/21	193	199.255	193	198.63	1676871
12/10/2021	189.9	193.53	188.84	193.21	1642515
12/09/2021	191.1	191.8	188.83	189.62	1430626
12/08/2021	191.82	193.78	190.41	191.55	2298195
12/07/2021	189.23	192.5	188.805	192.15	1848062
12/06/2021	185.54	189.1284	184.82	187.82	2042067
12/03/2021	186.02	186.725	183.2	184.86	1232673
12/02/2021	181.85	187.5062	181.53	185.64	1761197
12/01/2021	182	186.07	180.47	180.56	1410756
11/30/21	184.99	186.37	181.44	181.65	2658751
11/29/21	183.5	187	181.8	185.83	1295072
11/26/21	185.73	187.84	183.09	183.5	807264
11/24/21	184.04	186.76	182.38	186.66	1035585
11/23/21	181.36	184.26	181.36	183.67	1188917
11/22/21	183.75	184.07	180.525	181.96	1369188
11/19/21	184.65	185.37	182.76	183.74	1478541
11/18/21	184.74	184.91	181.25	183.33	1285054
11/17/21	180.21	185.64	179.87	184.7	2011636
11/16/21	183.26	184.26	179.995	180.21	1453808
11/15/21	180.67	182.84	179.72	182.78	1085685
11/12/2021	181.18	181.52	180.05	180.78	1080297
11/11/2021	180.5	180.97	178.61	180.66	1323809
11/10/2021	180.85	182.42	179.52	180.34	1246651
11/09/2021	180	181.59	179.61	180.85	1719234
11/08/2021	180.58	181.1	177.1601	179.97	1525091
11/05/2021	181.99	182.97	179.87	180.13	1373292
11/04/2021	183.17	183.63	180.41	181.05	1343019
11/03/2021	183.55	184.74	180.91	182.92	1334504
11/02/2021	182	183.48	179.6	182.8	1750680
11/01/2021	181.03	181.87	178.76	181.51	1738248
10/29/21	180.54	182.95	179.18	180.3	2620010
10/28/21	178.45	182.22	177.73	181.9	2031211
10/27/21	181.75	182.41	177.94	178.25	2486085
10/26/21	178.09	180.56	177.66	180.08	1519386
10/25/21	178.74	178.94	176.37	177.64	1898156
10/22/21	178	179.95	176.91	179.12	2834323
10/21/21	173.15	178.12	171.53	177.94	2901673
10/20/21	173	175.18	172.9	175	2364321
10/19/21	170.41	173.25	169.49	172.88	2788115
10/18/21	168.6	168.915	166.75	167.81	1812416
10/15/21	171.71	171.93	167.37	168.85	2276400
10/14/21	170.17	171.945	169.56	171.28	2173389
10/13/21	169.33	170.36	166.3053	169.72	2809692
10/12/2021	169.4	171.25	168.56	170.6	1478973
10/11/2021	169.54	170.595	168.25	168.76	1203100
10/08/2021	172.74	172.74	169.47	169.82	971818
10/07/2021	175.01	176.77	172.59	172.85	947224
10/06/2021	171.7	174.55	170.27	174.34	1250643
10/05/2021	173.8	174.09	171.15	172.45	1514433
10/04/2021	172.35	174.575	171.78	173.66	1462521
10/01/2021	173.83	174.58	172.33	173.02	1457488
09/30/21	176.39	176.72	173.14	173.32	1702608
09/29/21	175.79	176.974	174.7	175.77	1377806
09/28/21	174.87	176.79	173.49	175.06	2823582
09/27/21	180.87	182	176.94	177.25	2153705
09/24/21	184	184.86	180.49	182.07	1622209
09/23/21	187.45	187.92	183.31	184.36	1652113
09/22/21	188.2	188.87	187.15	187.46	978735
09/21/21	187.97	189.52	187.22	187.78	1053414
09/20/21	187.48	189.45	185.26	187.2	1174432
09/17/21	188.07	189.84	187.595	188.54	2503528
09/16/21	188.34	189.86	186.7	189.22	1375738
09/15/21	189.93	190.52	188.48	188.65	1845453
09/14/21	189.87	190.82	188.55	189.25	1608159
09/13/21	189.75	191.08	188.58	189.83	1812472
09/10/2021	190.85	191.4	187.59	188.36	2294606
09/09/2021	196.02	196.285	192.32	192.46	1516441
09/08/2021	194	197.25	193.43	196.54	1534730
09/07/2021	198.5	198.5	193.83	195.54	1472106
09/03/2021	197.51	198.64	194.54	198.5	1320718
09/02/2021	198.04	198.5	195.57	197.9	1454209
09/01/2021	194.87	198.16	194.46	197.95	1345271
08/31/21	192.17	194.94	191.03	194.69	2023362
08/30/21	191.03	192.75	190.68	192.31	1429531
08/27/21	190.4	191.28	189.35	190.97	1437623
08/26/21	190.61	191.79	189.45	189.73	1790281
08/25/21	192.51	192.58	189.93	190.3	1404308
08/24/21	196.11	196.12	192.3	192.53	1353921
08/23/21	198.12	198.72	195.57	195.96	1336007
08/20/21	197.55	200.385	196.78	198.05	1558056
08/19/21	194.22	198.41	193.32	197.91	1055640
08/18/21	196.52	196.54	193.99	194.06	1250886
08/17/21	194.72	197.66	194.45	196.84	1100486
08/16/21	195	196.069	193.9	194.96	1216449
08/13/21	194	194.91	193.16	194.78	778927
08/12/2021	192.33	194.02	191.52	193.31	652347
08/11/2021	191.85	192.79	191	191.95	910999
08/10/2021	194.8	195	190.87	190.97	1091206
08/09/2021	194.7	195.28	193.63	194.22	874777
08/06/2021	193.21	195.38	193.02	194.8	1171523
08/05/2021	195.97	196	192.64	194.46	1121736
08/04/2021	195.3	195.72	192.81	195.14	1291817
08/03/2021	193.23	194.94	192.51	194.77	1038509
08/02/2021	193.81	195.17	192.6973	193.11	1104918
07/30/21	193.06	194.93	192.54	193.09	1802823
07/29/21	193.89	194.32	190.6	192.82	1219896
07/28/21	194.84	194.84	191.905	192.93	961639
07/27/21	192.53	194.65	191.4	194.56	1477805
07/26/21	192.96	193.28	190.01	192.24	1955768
07/23/21	193.17	194.65	190.65	193.45	2226941
07/22/21	190.93	195	189.4	192.03	3394501
07/21/21	203.16	203.5399	200.66	201.1	1900798
07/20/21	203.19	204.6179	202.06	203.28	1173179
07/19/21	202.03	204.3599	200.28	202.03	1418647
07/16/21	202.89	203.97	202.2201	203.11	734799
07/15/21	202.49	203.25	201.76	202.17	1086460
07/14/21	200.82	202.64	200.145	201.9	1213437
07/13/21	201.65	203.28	200.08	200.39	1219399
07/12/2021	201.86	203.39	201.05	203.08	1299908
07/09/2021	201.42	201.86	200.02	201.72	1192762
07/08/2021	200.29	202.46	199.35	200.74	961871
07/07/2021	199.55	201.77	198.68	200.83	1524333
07/06/2021	197.02	199.72	196.61	199.63	1583675
07/02/2021	195.47	197.46	194.72	196.99	1372880
07/01/2021	194.86	195.875	193.36	194.7	2176695
06/30/21	196.55	198.21	194.87	195.1	1643804
06/29/21	198.1	199.17	196.6389	197.35	1268297
06/28/21	197.23	198.79	196.1	198.03	1218059
06/25/21	195.97	197.13	195.74	196.53	1996883
06/24/21	197.21	197.635	195.05	195.93	1079405
06/23/21	197	197.32	195.615	196.01	1170809
06/22/21	197.18	199.22	197.11	197.12	1396415
06/21/21	195.02	198	193.7	197.65	1190672
06/18/21	196.69	196.97	194.17	194.24	2997115
06/17/21	193.3	197.06	193.02	196.86	1240856
06/16/21	196.24	196.68	193.2506	193.95	1381927
06/15/21	197	197	195.29	195.51	1081342
06/14/21	194	197.26	193.56	197.08	1057090
06/11/2021	198.74	198.92	193.5	194.34	1807264
06/10/2021	196.57	200.47	196.355	200.24	2569188
06/09/2021	197.26	198.07	195.91	197.09	1695801
06/08/2021	198.7	199	195.95	196.28	1625768
06/07/2021	196.9	198.9	196.23	198.04	1271048
06/04/2021	195.91	197.15	195.1	196.71	1013105
06/03/2021	194.8	195.36	193.8	194.91	1662384
06/02/2021	192.05	195.5	191.77	195.31	1579253
06/01/2021	190.72	191.57	189.52	191.52	1412034
05/28/21	190	191.56	189.48	189.5	1583854
05/27/21	188.07	189.51	187.28	189.28	2905380
05/26/21	188.2	189.86	187.65	188.37	1541080
05/25/21	186.61	188.99	185.13	188.2	1497233
05/24/21	186.05	187.13	185.16	186.24	1890267
05/21/21	184.83	186.08	183.96	185.55	1567346
05/20/21	182.06	186.11	181.49	185.45	1177983
05/19/21	182.17	183.27	179.66	181.85	1301368
05/18/21	182	183.88	180.25	182.77	1615236
05/17/21	180.91	182.81	180.81	182	1198668
05/14/21	180.68	181.99	180.1475	181.11	1438539
05/13/21	179.1	181.08	178.14	179.75	1764161
05/12/2021	181.63	181.94	178.73	178.83	1414271
05/11/2021	182.09	183	180.55	182.22	1262115
05/10/2021	183.32	183.91	182.82	183.19	1452129
05/07/2021	182.48	184.28	181.96	183.32	2023017
05/06/2021	183.23	183.23	179.85	180.88	2141571
05/05/2021	183.79	184.53	181.68	183.18	1929003
05/04/2021	186.21	187.88	182.15	183.9	2966788
05/03/2021	189.08	189.14	187.16	187.7	1413363
04/30/21	187.34	189.59	187.145	189.06	1310034
04/29/21	186.4	188.36	184.9	187.96	1373957
04/28/21	185.21	186.04	184.63	185.19	1097234
04/27/21	186.77	186.77	184.15	184.74	1353557
04/26/21	187.43	187.445	184.615	186.1	1382372
04/23/21	185.15	188.13	184.68	187.18	1308708
04/22/21	183.5	185.97	181.7	184.21	1971781
04/21/21	183.96	184.675	181.79	182.89	1482055
04/20/21	180.46	184.51	180.08	183	1900946
04/19/21	180.4	180.955	178.67	180.72	1394616
04/16/21	180	180.34	178.29	179.62	1390438
04/15/21	176.71	179.64	176.59	179.47	2242501
04/14/21	177.12	178.6603	175.35	175.69	1564631
04/13/21	177.23	179.33	176.61	177.11	1473637
04/12/2021	175.5	177.62	174.78	177.54	1425167
04/09/2021	175.3	176.61	174.38	175.24	1390829
04/08/2021	177.31	178.12	175.68	175.75	1606439
04/07/2021	176.59	177.29	174.89	176.26	1900063
04/06/2021	177.44	177.44	174.885	176.62	1751227
04/05/2021	174.86	177.71	174.49	177.44	2005936
04/01/2021	173.01	174.59	171.68	174.46	1815440
03/31/21	171.026	172.883	169.81	172.13	2314382
03/30/21	173.85	173.85	170.75	170.99	2030798
03/29/21	173.29	175.34	171.73	175.03	2317737
03/26/21	169.29	173.49	167.825	173.29	1866745
03/25/21	167.58	168.2	166.4	167.49	1485140
03/24/21	168.08	169	165.57	167.68	1855774
03/23/21	167.91	170.16	166.68	168.69	2269302
03/22/21	165.62	169.8	165.61	167.89	2404196
03/19/21	165.45	168.34	164.49	165.62	4115870
03/18/21	163.9	165.71	162.1	165.19	1561770
03/17/21	164.79	166	163.26	164.96	2235078
03/16/21	161.99	165.62	161.16	165.05	2594491
03/15/21	158.24	162.02	157.75	161.54	2636076
03/12/2021	153.83	158.86	152.96	158.68	2381426
03/11/2021	152.5	156.629	152.22	155.74	2568561
03/10/2021	151.44	152.64	150	151.94	1860909
03/09/2021	148.39	151.76	148.2	151.04	2533621
03/08/2021	150.1	150.89	146.43	146.77	3389508
03/05/2021	149.94	151.01	146.145	150.15	3773828
03/04/2021	148.96	152.83	148.55	149.13	2880874
03/03/2021	153.37	153.44	148.5	148.52	2593469
03/02/2021	153.82	154.5	151.77	153.16	2443306
03/01/2021	156.34	157.9758	153.61	153.73	2199013
02/26/21	160	160.495	155.63	155.75	3615896
02/25/21	161.02	162.7	157.89	159.61	2360705
02/24/21	161	162.11	160.27	161.2	1732010
02/23/21	166.3	166.3	161.64	161.64	2594822
02/22/21	165.01	166.29	163.22	165.32	3437345
02/19/21	165.44	166.39	164.77	165.8	4530802
02/18/21	162.94	165.31	162.5	164.9	1745299
02/17/21	161.11	163.38	161	163.13	1569370
02/16/21	164.32	164.89	160.67	161.96	3150970
02/12/2021	162.35	164.7	161.51	164.46	2199525
02/11/2021	161.9	163.71	160.85	162	2336284
02/10/2021	164.81	165.48	162.88	163.08	1447596
02/09/2021	161.43	164.37	161.11	163.99	3077110
02/08/2021	161.98	162.035	157.2	160.9	2556052
02/05/2021	163.5	163.58	161.92	162.26	2192956
02/04/2021	162.63	164.65	161.23	163.13	2014379
02/03/2021	164.56	165	161.36	163.16	2201735
02/02/2021	165.08	167.11	164.25	165.61	1608445
02/01/2021	160	164.54	158.04	164.27	1898541
01/29/21	156.13	159.9	155.11	159.26	2569697
01/28/21	157.45	160.915	156.87	158.13	2522464
01/27/21	162.77	163	159.11	159.88	1865995
01/26/21	160.56	164.3	159.6201	163.45	1882755
01/25/21	160.05	162.31	159.51	160.89	1720096
01/22/21	158.9	159.67	157.96	158.92	1367820
01/21/21	158.15	159.79	157.11	159.34	1492526
01/20/21	159.56	161.46	158.27	159.06	1671043
01/19/21	158.87	160	157.02	159.39	2824653
01/15/21	154.78	157.96	154.026	157.25	2437210
01/14/21	154.09	156.12	152.42	154.76	3882469
01/13/21	150.41	152.9494	150.35	152.69	1457440
01/12/2021	152.41	152.99	149.1372	150.46	2304114
01/11/2021	153.76	154.74	151.96	153.06	1622752
01/08/2021	153.82	155.13	153.35	154.06	2432694
01/07/2021	151.05	153.255	150.76	152.45	2568007
01/06/2021	154.61	154.657	151.34	151.43	2709917
01/05/2021	155.21	157.04	154.9046	155.61	2380762
01/04/2021	158.35	159.06	154.37	155	2219002
12/31/20	155.8	159.36	155.2	159.19	1579921
12/30/20	155.99	157.19	155.69	156.39	1310078
12/29/20	157	157.98	155.18	155.81	1771560
12/28/20	154.34	156.32	153.43	156.25	1742490
12/24/20	152.88	154.29	152.58	154	521785
12/23/20	154.21	155.38	152.41	152.46	1977127
12/22/20	152.71	154.295	152	153.49	2248656
12/21/20	152.45	153.6	151.21	153.26	2423128
12/18/20	154.82	155.8	152.0866	153.81	5924479
12/17/20	156.28	157.5299	155.02	155.75	4831175
12/16/20	155.88	157.25	153.52	154.12	4286478
12/15/20	155.3	156.01	154.35	155.41	3089963
12/14/20	157.91	158.9	154.92	155.19	2711966
12/11/2020	158.44	158.9	156.14	157.68	2702879
12/10/2020	158.38	159.55	156.5	157.22	2148198
12/09/2020	160.54	160.935	156.88	158.39	3029620
12/08/2020	162.8	163.75	161.02	161.33	2404024
12/07/2020	162.83	165	161.35	162.45	2032632
12/04/2020	167.92	167.9483	163.03	163.5	2521287
12/03/2020	166.2	168.5799	166.2	167.44	1861208
12/02/2020	170.04	170.56	166.32	166.84	1494253
12/01/2020	168	170.9	167.75	170.8	2891947
11/30/20	167	167.75	164.01	167.57	3208980
11/27/20	165.31	167.17	164.73	167.17	879727
11/25/20	164.58	166.5	163.51	164.96	1932661
11/24/20	167.8	168.265	164.01	164.25	2143929
11/23/20	167.5	167.89	165.09	166.36	2038936
11/20/20	168.11	168.84	166.25	166.97	1569842
11/19/20	170.33	170.34	167.17	168.09	2220211
11/18/20	166.29	172.13	165.95	170.65	3104414
11/17/20	165.1	166.89	164.5	166.34	2371723
11/16/20	169.27	169.42	164.5	165.42	2073461
11/13/20	167.51	168.37	165.64	168.01	1650627
11/12/2020	164.32	167.13	164.005	166.95	1883718
11/11/2020	161.74	167.29	160.97	164.64	1254039
11/10/2020	161.78	162.075	157.67	160.42	2372514
11/09/2020	167.17	169.42	161.45	161.78	2174088
11/06/2020	163.41	165.28	162.11	164.07	877503
11/05/2020	163.72	164.445	161.61	162.92	1213399
11/04/2020	159.63	165.4529	159.56	162.13	1684449
11/03/2020	160.79	162.4	159.14	160.35	1311511
11/02/2020	157.45	160.81	156.93	159.48	1260660
10/30/20	156.64	157.59	154.08	156.2	1255995
10/29/20	158.81	159.61	156.22	157.71	1310745
10/28/20	158.5	160.08	156.5	156.85	1743447
10/27/20	160.19	162.35	160.12	160.61	1763707
10/26/20	157.7	160.43	156.67	159.92	1548074
10/23/20	156.39	158.99	155	158.47	1784076
10/22/20	162.64	163.3393	154.61	156.25	3377480
10/21/20	162.92	165.45	162.75	163.79	1434317
10/20/20	164.67	165.64	162.265	164.46	2082405
10/19/20	168.25	168.75	163.75	164.32	3165595
10/16/20	167.04	168.45	166.36	166.9	1171730
10/15/20	164.16	168.5	163.45	168.14	1046821
10/14/20	167.17	167.49	164.5	165.03	1463929
10/13/20	168.09	168.09	165.9409	166.8	1635520
10/12/2020	168.23	168.5	166.52	168.23	1029684
10/09/2020	166.6	167.63	164.88	167.36	1010392
10/08/2020	165.75	169.31	165.34	165.78	1328956
10/07/2020	166.2	166.5	164.18	164.92	1514438
10/06/2020	168.75	168.75	164.44	165.09	2010009
10/05/2020	168.62	169	165.28	168.66	1450245
10/02/2020	166.91	169.3	166.1	168.62	2275694
10/01/2020	166.75	168.3	164.93	168.01	1693312
09/30/20	164.8	167	164.35	166.5	2341666
09/29/20	163.21	164.5	162.3845	164.18	1552650
09/28/20	163.89	164.75	161.83	163.59	1843922
09/25/20	156.4	161.86	156.1238	161.71	1827149
09/24/20	156.53	159.26	155.65	157.4	2292170
09/23/20	158.6	158.99	155.01	155.62	2495533
09/22/20	157.1	160.89	157.05	159.98	2203050
09/21/20	159.01	159.495	156.07	157.58	2017461
09/18/20	162.23	162.62	158.92	159.68	3016580
09/17/20	164.51	165.545	161.39	162.65	1820005
09/16/20	164.94	167.79	164.1601	166.17	1599036
09/15/20	160.51	165.1	160.31	163.46	2093563
09/14/20	158.24	160.86	158.22	160.16	1390175
09/11/2020	159.38	160.3	157.76	158.59	1267163
09/10/2020	160.67	161.09	158.65	158.76	1892414
09/09/2020	159.91	163.53	159.7401	161.29	1743065
09/08/2020	159.81	161.44	157.62	158.5	2921466
09/04/2020	161.28	162.27	157.0045	160.59	1943187
09/03/2020	166.36	166.82	160.58	161.71	1749115
09/02/2020	161.16	166.72	160.51	166.28	2362742
09/01/2020	162.51	163.0411	160.36	162.1	1148576
08/31/20	163.11	164.03	162.53	163.25	1386395
08/28/20	163.3	164.04	161.7	163.79	1781196
08/27/20	161.5	163.61	161.38	163.42	1859113
08/26/20	160	161.42	158.89	160.97	1828217
08/25/20	161.06	161.6	159.69	160.69	1443925
08/24/20	163.1	163.1	159	161.01	1144689
08/21/20	163.5	163.62	161.43	163.17	1077754
08/20/20	160	163.75	160	162.88	1261531
08/19/20	167.13	167.41	162.28	162.64	1487118
08/18/20	165.73	168.21	165.3401	166	1071459
08/17/20	164.76	166.32	164.41	166.06	1182399
08/14/20	164.34	165.88	163.63	164.63	1435283
08/13/20	164.7	165.39	163.6	164.36	1309754
08/12/2020	162.99	166.16	162.62	165.2	1098663
08/11/2020	167.17	167.3	161.4	161.79	1865216
08/10/2020	168.06	168.225	164.9201	166.18	2287487
08/07/2020	163.91	169.36	163.8	168.19	1633515
08/06/2020	164.01	165.29	163.43	163.87	1513690
08/05/2020	166.37	166.5735	163.73	164.52	1714386
08/04/2020	164.4	167.77	164.15	165.88	2300182
08/03/2020	165.93	166.05	162	164.1	2800261
07/31/20	169.57	170.2	165.9	166.7	3308567
07/30/20	168.95	170.7	167.095	170.21	2780918
07/29/20	172.93	175.15	172.1	173.87	2469789
07/28/20	168.12	172.92	168.1	171.78	2070666
07/27/20	167	169.19	166.335	168.44	1603259
07/24/20	166.41	167.83	165.73	166.7	1498108
07/23/20	167.54	168.79	164.72	166.76	1730740
07/22/20	166.92	169.5055	166.51	168.06	1368464
07/21/20	171.5	171.5	166.675	167.53	2411659
07/20/20	177.28	177.28	170.09	170.16	3817799
07/17/20	166.74	170.15	165.64	168.96	1403367
07/16/20	166.96	168.02	164.6	165.74	1623947
07/15/20	171.14	171.6175	167.34	168	1797137
07/14/20	168	169.84	165.68	169.35	2534229
07/13/20	171.28	171.88	166.04	166.91	2245380
07/10/2020	171.97	172.955	169.855	171.5	2070234
07/09/2020	170.89	172.25	168.98	171.65	1435288
07/08/2020	172.1	173.52	169.68	171.41	2282774
07/07/2020	171.96	173.9506	171.2	171.51	1705150
07/06/2020	178.61	180	172.37	174.3	3263252
07/02/2020	173.72	174	169.69	170.72	2253925
07/01/2020	167.93	173.09	167.21	171.89	1780979
06/30/20	162.94	167.99	162.84	167.35	2003062
06/29/20	163.19	163.4913	160.67	162.3	1402694
06/26/20	164.41	164.83	160.68	161.33	2750571
06/25/20	162.24	164.89	160.76	164.72	1302823
06/24/20	164	165.84	159.15	162.1	2054570
06/23/20	167.12	167.7804	165.35	165.53	1727480
06/22/20	169.48	170	165.27	166.34	2747876
06/19/20	167.36	170.79	165.32	170.45	5199286
06/18/20	168.17	168.88	164.33	165.25	1982293
06/17/20	171.36	172.24	169.37	169.45	2422658
06/16/20	172	172	166.65	169.59	2053252
06/15/20	161.34	167.83	161.2	167.57	3734053
06/12/2020	164.79	165.7	162.5	164.37	1941256
06/11/2020	170.05	171.62	160.47	160.72	3072264
06/10/2020	174.22	175.74	171.68	174.09	1858263
06/09/2020	172.36	176.61	172.08	174.34	1717890
06/08/2020	168	173.17	168	172.83	1958503
06/05/2020	169.74	170.55	166.51	168.6	3265854
06/04/2020	173.53	174.28	166.11	167.65	1942049
06/03/2020	176.56	176.8472	173.93	174.56	1917740
06/02/2020	174.92	175.95	172.15	174.55	3183260
06/01/2020	171.74	175.62	169.6	173.77	2907130
05/29/20	168.12	172.54	166.56	172.16	3286333
05/28/20	165.03	169.2	163.96	168.79	2437059
05/27/20	159.84	163.07	158.0934	163.06	1690831
05/26/20	160.82	161.17	156.8	159.59	2657319
05/22/20	151.55	156.88	149.95	156.2	1874247
05/21/20	152.2	152.76	148.38	150.83	2254182
05/20/20	153.52	154.19	151.36	152.36	1817005
05/19/20	155.7	156.02	152.5	152.56	1349789
05/18/20	153.25	157.4499	152.97	156.4	2565893
05/15/20	151.43	152.7	147.5635	150.14	2593917
05/14/20	152.76	152.81	149.52	152.04	1718510
05/13/20	154.16	158.555	152.56	153.19	2143773
05/12/2020	159.98	160.25	151.71	154.22	1961225
05/11/2020	155.83	160.83	155.57	159.79	2017673
05/08/2020	157.32	158.2388	155.84	157.7	1438616
05/07/2020	156.32	157.93	154.44	154.69	2337352
05/06/2020	159.19	159.94	154.98	154.99	1581633
05/05/2020	157.59	159.98	157.385	158.68	1174924
05/04/2020	157.15	157.8	152.29	157.73	1803762
05/01/2020	156.98	158	155.08	156.41	1553192
04/30/20	150.6	159.9	150.6	159.43	3669619
04/29/20	163.41	163.4756	155.06	155.44	3280037
04/28/20	163.03	166	160.95	161.26	2059926
04/27/20	163	164.72	161.965	163.8	1626493
04/24/20	161.61	162.25	158.53	161.61	1475015
04/23/20	162.74	163.78	159.73	160.55	1537585
04/22/20	161.86	165.19	161.55	163.17	1649370
04/21/20	160.17	160.9	158.15	159.67	2103751
04/20/20	165.26	166.52	162.4	162.42	1883695
04/17/20	165.23	167.83	163.77	167.05	2059006
04/16/20	164.44	165.03	160.95	161.8	2038616
04/15/20	166.02	166.31	161.48	162.46	2697869
04/14/20	160.29	165.9	159.14	165.78	2460880
04/13/20	163.19	163.575	156.32	157.05	1725477
04/09/2020	158.26	164.77	157.82	164.14	4349902
04/08/2020	148	158.03	146.79	157.36	2153858
04/07/2020	153.55	154.48	146.3	146.54	2645605
04/06/2020	148.39	150	144.74	148.75	3211230
04/03/2020	144.85	147.53	142.61	145.62	2117575
04/02/2020	137.5	146.97	136.06	146.37	3240044
04/01/2020	137.67	140.23	133.8	137.59	2519228
03/31/20	145.95	147.81	141.79	144.4	3082473
03/30/20	140.5	148.66	139.299	148.06	2934556
03/27/20	139.42	141.8	135.17	136.89	3220074
03/26/20	128	143.74	128	142.47	4093343
03/25/20	122.97	134.98	121.67	127.96	3121908
03/24/20	121.83	124.4	114.18	123.71	4397392
03/23/20	126.8	128.69	115.65	116.98	4029342
03/20/20	129.31	136.5	125.6	128.06	5346445
03/19/20	137.91	138.12	127.25	130.75	4548244
03/18/20	141.16	148.68	131.11	138.31	4357067
03/17/20	138.7	153.26	138.2101	146.87	4441323
03/16/20	138.93	147.36	135.03	135.82	3833921
03/13/20	149.63	158	143.17	155.09	3769067
03/12/2020	143.19	150.35	132.6901	142.51	3854395
03/11/2020	155.08	156.11	151.295	153.85	3287286
03/10/2020	153.61	159.43	148.64	159.35	2944498
03/09/2020	152.98	155.26	148.82	150.28	3291478
03/06/2020	159.26	161.59	154.73	160.82	3109434
03/05/2020	160.81	164.12	160.1	162.24	2513900
03/04/2020	160.62	164.22	158.45	163.56	2384668
03/03/2020	156.83	162.49	155.67	158.13	4248705
03/02/2020	143.93	156.52	143.82	156.24	4077808
02/28/20	145.13	147.97	140.71	143.29	6204099
02/27/20	148.74	156.25	147	148.4	5822365
02/26/20	163.74	165.17	162.33	162.69	2295684
02/25/20	167.05	167.92	162.43	163.02	2038702
02/24/20	165.35	168.49	163.5	166.36	2092367
02/21/20	166.66	168.75	165.91	168.06	3006039
02/20/20	165.87	167.94	165.41	166.99	2180299
02/19/20	166.27	166.85	164.52	165.6	1211530
02/18/20	166.05	166.26	164.8845	166.21	1275274
02/14/20	164.47	166.4	164.01	165.97	1424644
02/13/20	163.06	164.215	162.33	163.92	1202852
02/12/2020	160.83	163.44	158.8048	163.21	1969901
02/11/2020	154.34	163.51	153.37	161.03	3488258
02/10/2020	151.06	153	150.89	152.92	1583610
02/07/2020	151.06	151.06	150.43	150.49	1119306
02/06/2020	150.13	151.205	149.4117	150.5	1005163
02/05/2020	150.27	150.755	149.31	149.96	1257855
02/04/2020	149.63	151.86	148.9	150.45	1264650
02/03/2020	150.68	150.93	148.94	149.19	1225018
01/31/20	151.06	151.79	148.7213	149.84	1293997
01/30/20	148.63	151.24	148.5753	151.13	968252
01/29/20	151.8	151.97	148.91	149.05	1519356
01/28/20	150.15	151.78	149.73	151.73	1539144
01/27/20	149.33	150.41	148.59	150.3	1363937
01/24/20	150	150.71	149.26	149.9	868149
01/23/20	149.13	150.21	148.0028	149.78	1246838
01/22/20	149.01	149.2	147.98	148.69	1920130
01/21/20	145.32	148.34	145.12	148.21	1650490
01/17/20	145.51	146.21	144.415	145.25	2070041
01/16/20	144.4	145.25	143.77	145.23	1505533
01/15/20	142.16	144.4366	142.12	144.05	1431550
01/14/20	142.95	143.48	141.05	141.95	1667050
01/13/20	142.92	143.85	142.6517	143.29	1743315
01/10/2020	140.4	142.56	140.2	142.4	2760365
01/09/2020	139.2	140.77	139.17	140.25	1534400
01/08/2020	139.01	139.9094	138.59	139.45	2644555
01/07/2020	141	141.42	138.16	138.87	1668737
01/06/2020	142.14	142.68	141.25	141.26	1631847
01/03/2020	140.85	142.7	140.1	142.46	1254535
01/02/2020	142.33	142.66	141.13	141.68	1795533
12/31/19	141.45	142.2	140.56	142.15	1591294
12/30/19	140.69	141.45	139.94	141.4	1125000
12/27/19	141.11	141.5	140.32	141.08	863741
12/26/19	140.27	140.73	139.74	140.6	692475
12/24/19	140.55	140.87	139.5	140.04	561304
12/23/19	142.32	142.83	140.38	140.58	1035191
12/20/19	142.05	142.46	140.5	142	3225945
12/19/19	136.91	140	136.89	139.92	2640373
12/18/19	133.52	137.55	133.49	137.2	2958145
12/17/19	134.77	135.03	132.88	133.15	1990514
12/16/19	132.98	134.84	132.53	134.5	2026676
12/13/19	131.99	133.3	130.86	132.68	2966372
12/12/2019	133.66	133.73	131.3	132	2335747
12/11/2019	133.88	135.36	133.59	134.61	1916630
12/10/2019	136.38	136.92	133	134	1314522
12/09/2019	135.18	136.77	135.14	135.88	1625323
12/06/2019	134.76	135.69	134.3	135.46	1539559
12/05/2019	134.32	135.23	133.28	135	1945311
12/04/2019	133.34	135.03	132.93	134.53	1908618
12/03/2019	131.16	134.42	131.0201	134.15	1955105
12/02/2019	133.45	134.13	130.86	130.95	2027739
11/29/19	134	134.56	133.65	133.66	859058
11/27/19	134.4	134.98	133.27	133.78	2048953
11/26/19	132.09	134.44	132.09	134.41	5162795
11/25/19	132.44	132.88	130.985	131.39	3022865
11/22/19	135.42	136.82	132.32	132.32	1996419
11/21/19	137.22	138.3395	135.38	135.45	2378442
11/20/19	134.31	137.06	134.31	136.89	1620877
11/19/19	136.24	137	134	134.32	2681858
11/18/19	134.78	137.31	134.73	135.94	1813513
11/15/19	134.1	134.74	133.45	134.68	1736707
11/14/19	131.82	133.92	131.4	133.67	2384257
11/13/19	131.02	131.98	130.74	131.37	1800347
11/12/2019	131.11	131.44	130.28	130.66	2657820
11/11/2019	130.84	131.995	130.76	131.11	1879486
11/08/2019	130.58	133.06	130.48	130.81	2281079
11/07/2019	133.14	133.81	131.4801	131.91	2548273
11/06/2019	132.16	134.2	132.11	133.91	2315843
11/05/2019	134.03	134.3	129.86	131.66	3106255
11/04/2019	137.28	137.28	134.48	134.5	1627072
11/01/2019	139.56	139.74	136.18	137.42	2546267
10/31/19	139.32	139.74	138.16	138.79	2401108
10/30/19	139.21	140.2	138.75	139.25	1959323
10/29/19	139.38	140.395	138.664	139.02	1346752
10/28/19	140.97	141.24	138.67	139.4	2219938
10/25/19	141.5	141.83	140.26	141	2028982
10/24/19	141.26	141.9	140	141.71	1657732
10/23/19	141	142.09	139.97	140.9	1301492
10/22/19	143.08	143.77	141.03	141.3	1324804
10/21/19	144.05	144.05	141.32	143.35	1580037
10/18/19	140.45	144.99	140.09	144.06	3129559
10/17/19	135.52	140.86	135.52	139.58	2359623
10/16/19	134.15	134.77	133.48	134.69	2276745
10/15/19	136.22	136.44	133.5	134.65	1894881
10/14/19	136.95	137	135.67	136.13	999793
10/11/2019	138.23	138.6	136.57	136.68	1851818
10/10/2019	136.6	138.42	135.8	138.22	2212580
10/09/2019	137.36	137.81	136.5	137.25	1475565
10/08/2019	137.33	138	135.92	137.08	2297939
10/07/2019	137.45	138.02	135.71	137.44	1673517
10/04/2019	137.52	138.51	137.3052	137.92	2180088
10/03/2019	136.88	138.08	136.36	137.34	2446617
10/02/2019	136.94	137.3	135.23	136.5	2249375
10/01/2019	138.89	139.19	136.68	136.79	2241468
09/30/19	138.43	139.82	138.17	139.01	2540497
09/27/19	141.74	141.98	136.53	137.87	2696487
09/26/19	140.03	142.48	140.01	142	1160098
09/25/19	142.82	142.82	140	140.09	1513561
09/24/19	141.87	142.91	141.62	142.35	1292545
09/23/19	140.72	142.2	139.0003	141.44	1300182
09/20/19	141.67	142.04	139.53	140.58	2350528
09/19/19	141	141.908	140.56	141.24	1611367
09/18/19	142.99	143.27	138.76	140.55	2553434
09/17/19	138.91	142.63	138.91	142.48	2064800
09/16/19	136.12	138.55	135.86	137.96	1693756
09/13/19	138.61	139.665	135.67	136.44	2276789
09/12/2019	138.42	139.995	137.05	138.81	1699150
09/11/2019	139.07	140.42	137.91	138.66	2205905
09/10/2019	142.33	142.36	138.23	139.32	2363879
09/09/2019	146.23	146.3	143.14	143.48	1631632
09/06/2019	147.04	147.77	145.92	146.44	977830
09/05/2019	149.35	149.4	146.1	147.07	1273343
09/04/2019	148	149.47	147.78	149.07	1367684
09/03/2019	145.09	147.6	144.86	147.58	1361455
08/30/19	146.35	146.35	144.38	145.17	2070406
08/29/19	147.16	147.75	145.02	145.95	1396430
08/28/19	146.18	147.8764	145.8946	146.45	1447623
08/27/19	148.04	148.7	146.03	146.07	1694577
08/26/19	147	147.91	146.39	147.59	981045
08/23/19	146.5	147.876	145.84	146.34	1751434
08/22/19	145.24	146.32	144.1	146.11	893322
08/21/19	145.33	145.72	144.54	145.17	1201376
08/20/19	145.5	145.63	143.84	144.51	1434463
08/19/19	143.65	145.07	142.52	144.86	1090770
08/16/19	143.34	143.59	141.73	142.92	1636979
08/15/19	139.04	142.81	138.69	142.41	1222507
08/14/19	141.58	141.81	138.86	138.94	1693366
08/13/19	141.08	142.24	139.27	141.95	1767752
08/12/2019	141.57	142.14	140.48	141.5	904856
08/09/2019	140.97	141.865	139.31	141.24	1632535
08/08/2019	138.14	141.15	137.06	140.94	1713797
08/07/2019	135.65	139.29	133.59	138.25	2498262
08/06/2019	133.21	136.57	133.02	136.3	1834945
08/05/2019	134.84	135.19	132.11	133.13	1835522
08/02/2019	133.87	135.935	133.03	135.23	1449990
08/01/2019	134.63	135.51	133.53	133.84	2102204
07/31/19	133.09	134.22	131.37	133.26	3278149
07/30/19	130.34	132.85	130.06	132.68	1785568
07/29/19	131.24	132.48	129.7588	130.16	2386757
07/26/19	129.99	130.89	129.35	130.58	2143455
07/25/19	129.2	129.6	127.27	129.47	1746535
07/24/19	127.86	129.28	127.16	129.21	2105830
07/23/19	126.54	127.74	125.66	127.7	1950995
07/22/19	125.48	127.02	124.63	126.42	1911963
07/19/19	127.53	128.34	125.21	125.48	4059063
07/18/19	125.31	128.6	123.87	126.87	5463930
07/17/19	133.03	133.2	130.9301	131.62	1640854
07/16/19	133.33	134.06	132.66	132.72	1202007
07/15/19	132.8	134.15	132.27	133.19	1660460
07/12/2019	134.77	134.85	131.74	132.52	2130302
07/11/2019	136.02	136.63	133.99	134.21	1404631
07/10/2019	135.48	136.28	134.95	136.08	1058498
07/09/2019	134.51	135.55	134.36	135.32	1393141
07/08/2019	134.26	135.48	133.77	135.09	1105783
07/05/2019	133.67	134.84	131.71	134.23	849200
07/03/2019	133.59	134.8	133.44	134.52	946822
07/02/2019	130.61	133.46	130.23	133.25	1915356
07/01/2019	130.84	130.92	126.84	130.12	2249978
06/28/19	130.29	131.09	129.91	130.35	3630747
06/27/19	130.99	131.97	130.33	130.47	2153281
06/26/19	133.08	133.46	129.89	130.46	2049055
06/25/19	135.48	135.84	133.19	133.25	1936921
06/24/19	136.18	136.3786	134.97	135.15	1444345
06/21/19	136.75	136.92	135.2	135.78	2477897
06/20/19	137	137.85	136.43	136.92	1659372
06/19/19	135.25	136.95	134.78	136.62	1599465
06/18/19	136.71	137.25	135.48	136.04	1889215
06/17/19	133.67	136.01	133.42	135.99	1541697
06/14/19	132.84	133.69	132.51	133.31	1417635
06/13/19	133.16	133.9	132.01	132.55	1925317
06/12/2019	136.09	137.31	134.94	135.09	1756562
06/11/2019	134.76	136.27	133.74	135.9	2524369
06/10/2019	135.51	135.7	134.17	134.71	1467206
06/07/2019	135.77	136.39	135.055	135.22	1348383
06/06/2019	134.8	135.355	133.75	135.05	1266627
06/05/2019	132.48	134.65	131.19	134.57	1943328
06/04/2019	131.5	131.96	130.08	131.86	2141223
06/03/2019	130.11	132.06	129.337	131.83	2616328
05/31/19	127.69	131.9	127.46	130.01	3175515
05/30/19	125.89	127.84	125.25	127.69	2377251
05/29/19	126.18	127.07	125.19	125.51	1423896
05/28/19	128.04	129.03	126.12	126.12	1492080
05/24/19	129.65	129.66	127.72	127.83	2023584
05/23/19	126.45	127.755	126.02	127.69	1472259
05/22/19	125.26	126.76	125.26	126.63	1224821
05/21/19	124.05	125.3	122.94	125.05	1541721
05/20/19	126.06	126.09	122.6	123.49	3521365
05/17/19	127.05	127.85	126.9	127.25	1817442
05/16/19	127.12	128.07	127.08	127.53	1396151
05/15/19	126.82	127.99	126.3	127.24	1083726
05/14/19	126.49	128.05	126.43	126.89	1717072
05/13/19	124.8	126.5	124.69	126.3	1709973
05/10/2019	124.01	126.135	123.7	125.68	1352040
05/09/2019	123.65	124.81	122.73	124.03	1191461
05/08/2019	123.36	124.89	123.03	123.71	1273313
05/07/2019	124.63	124.8264	122.37	123.23	1171945
05/06/2019	124.28	125.1099	123.42	124.77	1172796
05/03/2019	124.43	125.22	124.19	124.79	772300
05/02/2019	124.53	125.29	123.77	124.03	1223292
05/01/2019	125.63	126.7	124.37	124.45	1481365
04/30/19	123.68	125.93	122.74	125.78	2061450
04/29/19	124	124.32	123.29	123.6	1330224
04/26/19	123.5	124.7	123.04	124.01	1644469
04/25/19	123.04	123.15	122.05	122.66	1405098
04/24/19	123.69	124.355	122.58	123.12	2045711
04/23/19	123.09	123.84	122.14	123.43	1879801
04/22/19	122.61	122.7	120.71	122.58	2050407
04/18/19	121.75	123.94	119.8056	122.62	2748539
04/17/19	127.22	127.22	122.93	124.17	3249974
04/16/19	127.34	127.52	123.685	124.61	3001698
04/15/19	128.85	129.1	127	127.4	2395893
04/12/2019	128.32	128.96	126.91	128.87	1799722
04/11/2019	130.38	130.6	128.35	128.73	1873534
04/10/2019	130.16	130.35	129.68	130.25	1534081
04/09/2019	128.55	129.88	128.275	129.83	1607958
04/08/2019	128.96	129.36	128.005	128.51	1625751
04/05/2019	128.22	129.2	127.53	129.1	962775
04/04/2019	128.68	128.75	127.32	128.21	966047
04/03/2019	128.36	128.74	127.04	128.38	1466472
04/02/2019	126.67	128.58	126.38	128.37	1203149
04/01/2019	128.37	128.37	126.02	126.67	1810967
03/29/19	127.23	128.2	126.52	128	2609454
03/28/19	126.68	127.25	125.96	127.23	2477468
03/27/19	125.47	126.4	124.53	126.38	1673051
03/26/19	125.67	126.891	124.73	125.54	1496390
03/25/19	125.58	125.97	125.06	125.28	2186513
03/22/19	126.36	127.68	125.49	125.5	1917603
03/21/19	125.3	127.13	125.17	126.4	2587972
03/20/19	124.59	126.1	123.678	125.76	2154349
03/19/19	124.7	125.24	123.9444	124.57	2166948
03/18/19	125.15	125.59	124.04	124.66	1865188
03/15/19	124.5	125.14	124.05	125.03	3155033
03/14/19	124.13	124.37	123.2	124.01	1660439
03/13/19	124.23	125.66	124.01	125.01	2509434
03/12/2019	123.72	124.4	123.19	123.85	1766233
03/11/2019	121.18	123.62	121.1	123.54	1564829
03/08/2019	120.72	121.59	120.19	120.96	1133840
03/07/2019	120.6	121.7	120.28	120.74	1614972
03/06/2019	119.86	121.22	119.6	120.68	1884228
03/05/2019	119.51	120.3	119.33	119.58	1272682
03/04/2019	119.65	119.777	117.85	119.51	1647665
03/01/2019	118.85	119.37	117.4	119.23	1462132
02/28/19	118.38	120	117.85	118.75	2215068
02/27/19	118.11	118.71	117.03	118.32	1096953
02/26/19	118.39	118.82	117.75	118.17	1251882
02/25/19	120.06	120.13	117.94	118.17	2104369
02/22/19	119.68	120.23	118.69	119.87	1289973
02/21/19	119.11	119.94	118.36	119.36	1782714
02/20/19	120.39	120.39	119.04	119.58	2355327
02/19/19	120.23	120.56	119.61	120.15	1602621
02/15/19	119.69	120.2	118.93	120.13	1861026
02/14/19	118.46	119.12	117.83	118.75	1168128
02/13/19	117.53	118.5	117.0336	118.44	1538894
02/12/2019	118.4	118.55	116.79	117.38	2072661
02/11/2019	118.43	118.96	117.9255	118.44	1233444
02/08/2019	118.07	118.63	117.45	118.37	2113537
02/07/2019	116.72	118.43	116.72	118.28	1521422
02/06/2019	119.41	119.43	117.165	117.36	2007688
02/05/2019	117.65	119.24	117.4	119.22	2352857
02/04/2019	116.82	117.64	115.96	117.64	1915138
02/01/2019	117.22	117.27	114.86	116.98	1982036
01/31/19	115.47	117.2	114.265	117.06	3463175
01/30/19	114.94	116.271	114.87	115.47	2357812
01/29/19	114.05	115.11	114.04	115.05	1788059
01/28/19	113.69	114.59	112.75	114.38	2026901
01/25/19	112.74	114.77	112.3	113.7	2449496
01/24/19	110.79	112.88	109.58	111.91	2990291
01/23/19	109.71	110.3	108.97	110.27	2557981
01/22/19	107.62	109.21	107.51	109.19	2322250
01/18/19	108.23	108.35	106.9	107.61	1907564
01/17/19	107.21	108.01	106.76	107.62	1488452
01/16/19	107.15	107.86	106.52	107.33	1483477
01/15/19	106.71	107.85	106.4	107.4	1271754
01/14/19	106.8	107.18	104.2196	106.42	1989154
01/11/2019	106.61	107.715	105.93	107.38	1482701
01/10/2019	105.62	107.12	105.11	106.85	2276996
01/09/2019	107.36	107.54	104.43	105.67	3213594
01/08/2019	109.47	109.6	107.34	107.54	3250643
01/07/2019	108.42	109.699	108.18	108.6	1431332
01/04/2019	107.3	108.87	106.87	108.07	1591317
01/03/2019	105.82	108.65	105.82	106.48	2288040
01/02/2019	107.62	107.62	105.16	105.95	2127782
12/31/18	108.5	108.66	106.68	108.63	1375829
12/28/18	108.96	109.24	107.43	108.12	1575585
12/27/18	107.14	107.88	104.42	107.88	1690551
12/26/18	104.02	107.64	103.21	107.63	2234487
12/24/18	106.25	106.56	103.87	103.87	1501109
12/21/18	108.35	111.18	106.11	106.2	4839695
12/20/18	110.06	111.31	109.23	110	3422433
12/19/18	111.26	112.75	110.13	110.26	2324317
12/18/18	111.47	112.71	109.95	110.62	2091473
12/17/18	114.55	114.77	110.86	110.91	2837465
12/14/18	114.5	115.175	113.69	114.55	2231127
12/13/18	114.76	115.84	114.02	115.05	2153356
12/12/2018	116.74	117.52	115.45	115.48	2173434
12/11/2018	116.74	117.17	116	116.14	1732630
12/10/2018	115.73	116.66	114.31	116.1	2188909
12/07/2018	117.12	117.58	115.32	115.76	2308234
12/06/2018	114.42	117.6	113.23	117.47	3247326
12/04/2018	113.66	115.405	113.66	115	2907850
12/03/2018	114.68	115.335	111.34	113.7	3640830
11/30/18	113.3	114.95	112.71	114.9	3752310
11/29/18	112.16	113.37	111.5	113	2646970
11/28/18	110.7	112.37	110.1872	112.12	1865100
11/27/18	108.53	110.51	108.29	110.48	2016159
11/26/18	108.34	108.59	107.9	108.39	1539945
11/23/18	109.24	109.43	107.92	107.96	684706
11/21/18	109.43	110.18	108.63	109.47	2113016
11/20/18	112.67	112.93	109.63	109.63	2550341
11/19/18	112.17	113.78	111.54	112.27	2006854
11/16/18	110.42	112.36	110.057	112.12	2328878
11/15/18	110.07	110.99	108.81	110.59	2648746
11/14/18	111.26	111.26	109.25	110.3	1837004
11/13/18	110.05	111.07	109.53	110.68	2137331
11/12/2018	110.79	111.89	109.66	109.73	2334091
11/09/2018	111.47	111.92	110.54	110.87	1495786
11/08/2018	111.59	111.89	110.48	111.47	2177176
11/07/2018	111.35	112.45	111.05	111.73	1844570
11/06/2018	111.19	111.84	110.53	111.21	1365403
11/05/2018	109.81	111.7	109.745	111.03	2731285
11/02/2018	109.25	109.63	107.88	109.34	2817426
11/01/2018	109.24	110.25	108.6601	109.32	2540522
10/31/18	109.68	110.025	107.93	108.74	3168151
10/30/18	106.77	110.12	105.98	109.52	3117118
10/29/18	104.2	106.76	104.14	106.05	4762732
10/26/18	106.61	106.89	103.29	103.54	3148703
10/25/18	107.1	108.3	106.03	107.35	3272047
10/24/18	106.42	108.44	106.21	106.78	4904402
10/23/18	105.54	106.34	104.53	106.16	3149460
10/22/18	107.26	107.83	105.78	105.78	2462483
10/19/18	106.67	107.89	106.06	106.93	2567826
10/18/18	106	108.645	105.02	106.62	3933088
10/17/18	107.13	107.5	105.65	106.79	2465071
10/16/18	105.57	107.135	105.1	106.9	2210517
10/15/18	104.81	106.63	104.74	105.51	1871142
10/12/2018	106.27	106.91	104.06	104.95	3033440
10/11/2018	108.98	108.98	104.6	105.28	2324837
10/10/2018	111.07	111.5	108.7	108.71	3186697
10/09/2018	110.31	112.07	110.19	111.07	2330320
10/08/2018	108.98	111.07	108.95	110.27	2149299
10/05/2018	108.41	109.42	108.13	108.74	1232122
10/04/2018	108.44	108.88	107.19	108.32	1279969
10/03/2018	109.28	110.1463	107.79	108.84	1757516
10/02/2018	110.45	110.73	109.02	109.08	1830814
10/01/2018	111.33	111.96	110.37	110.41	2121405
09/28/18	109.23	111.39	109.23	111.33	2375104
09/27/18	108.86	109.63	108.64	108.92	2020892
09/26/18	109.69	110.35	108.31	108.53	2141938
09/25/18	110.26	111.02	109.57	109.69	1513795
09/24/18	111.48	111.85	110.03	110.23	1918273
09/21/18	112.01	112.86	111.67	111.71	2906154
09/20/18	111.72	112.76	111.29	112.4	2274543
09/19/18	112.38	112.55	111.5	111.82	2120208
09/18/18	112.51	113.09	112.09	112.17	1282372
09/17/18	111.6	113.05	111.36	112.7	1738303
09/14/18	112.34	112.44	111.15	111.55	1541665
09/13/18	111.46	113.0079	111.06	112.5	1779530
09/12/2018	112.26	112.5492	111.5	112.22	1515831
09/11/2018	112.5	112.6344	111.93	112.11	1996396
09/10/2018	113.38	113.77	112.57	112.63	1915100
09/07/2018	113.9	114.01	112.97	113.02	1236566
09/06/2018	114.05	114.45	113.34	114.33	1131985
09/05/2018	113.35	113.92	112.64	113.9	1247769
09/04/2018	113.7	114.28	113.26	113.64	1197597
08/31/18	113.79	114.81	113.68	114.03	2180980
08/30/18	114.23	114.44	113.4	113.76	1385220
08/29/18	113.57	114.5	113.37	113.97	2493354
08/28/18	111.58	113.61	111.505	113.57	1429180
08/27/18	112.82	112.82	111.41	111.63	1531227
08/24/18	111.7	112.86	111.49	112.43	1479353
08/23/18	111.71	112.135	111.33	111.58	1116579
08/22/18	112.76	112.9072	111.0901	111.66	2589934
08/21/18	114.29	114.29	112.57	112.85	3458615
08/20/18	113.95	114.52	112.99	114.26	1818714
08/17/18	112.86	113.89	112.44	113.86	1850884
08/16/18	112.07	113.01	112.03	112.69	1694732
08/15/18	111.3	112.35	110.85	112.25	1854010
08/14/18	110.8	111.36	110.4	111.25	1345317
08/13/18	110.09	110.94	109.74	110.62	1406722
08/10/2018	111.29	112.33	110.29	110.34	948120
08/09/2018	109.95	111.5	109.92	111.42	1743632
08/08/2018	111.41	111.66	109.81	109.96	2289262
08/07/2018	111.03	111.39	109.42	111.25	3557404
08/06/2018	112.66	113.28	110.85	111	3334137
08/03/2018	111.4	112.59	110.95	112.49	1305710
08/02/2018	111.68	111.98	110.89	111.25	1256212
08/01/2018	110.16	111.69	109.545	111.54	1559052
07/31/18	109.58	111.4	109.55	110.83	2921886
07/30/18	108.99	109.75	108.16	109.61	2422000
07/27/18	109.95	110.35	108.99	109.06	1596088
07/26/18	109.24	109.87	109.16	109.55	1792648
07/25/18	108.38	109.43	107.78	108.92	2158511
07/24/18	108.25	108.94	106.95	107.99	4123566
07/23/18	110.225	110.63	108.17	108.75	2227206
07/20/18	110.78	111.61	109.96	110.33	3103447
07/19/18	109.65	112.25	109.65	111.03	2178743
07/18/18	110.52	110.76	109.81	110.44	2156239
07/17/18	110.83	110.96	110.06	110.87	2896529
07/16/18	111.06	111.06	109.85	110.57	1178141
07/13/18	111.2	111.49	110.34	111.06	1109979
07/12/2018	111.25	111.57	110.2675	110.75	2011159
07/11/2018	110.56	111.46	110.321	110.86	1771086
07/10/2018	109.58	110.81	108	110.6	3474911
07/09/2018	111.54	111.79	108.9901	109.61	2164590
07/06/2018	111.42	112.04	110.83	111.27	1800962
07/05/2018	109.05	111.11	109.05	111	2311279
07/03/2018	108.32	109.88	107.67	109.01	2165477
07/02/2018	107.85	108.56	106.91	108.18	2178620
06/29/18	106.91	108.34	106.19	107.82	2789254
06/28/18	106.7	107.81	106.4	107.6	2087374
06/27/18	106.4	107.49	105.95	106.33	1775604
06/26/18	104.65	106.5	104.21	106.36	3673132
06/25/18	103.54	104.43	103.03	104.28	2173516
06/22/18	103.17	104.06	102.35	103.6	3059510
06/21/18	102.55	103.55	102.52	102.91	1153766
06/20/18	101.7	102.89	101.29	102.59	1825777
06/19/18	100.5	102.7	100.5	101.93	2504116
06/18/18	100.74	101.12	100.41	100.96	2242034
06/15/18	101.52	102.29	100.74	101.09	3324226
06/14/18	99.99	101.94	99.99	101.17	3432962
06/13/18	104.43	104.59	100.93	101.07	2606081
06/12/2018	103.17	104.71	102.51	104.68	2966611
06/11/2018	102.96	104.22	102.7801	103.33	1941154
06/08/2018	102.71	103.2	102.06	103.04	2840601
06/07/2018	103.18	103.3	101.87	102.48	1739872
06/06/2018	103.11	103.32	101.9	102.89	2206542
06/05/2018	104.37	104.48	102.8	103.15	2849947
06/04/2018	104.39	104.99	103.58	104.34	2445056
06/01/2018	104.3	104.3	102.81	103.8	1335410
05/31/18	103.57	104.29	102.95	104.15	3124243
05/30/18	103.37	104.44	103.02	104.02	1348085
05/29/18	102.5	104.1	102.45	103.46	2609866
05/25/18	102	103.26	101.9	102.74	1427365
05/24/18	102.29	102.55	101.44	101.85	1553224
05/23/18	101.71	102.3258	101.31	102.16	1052755
05/22/18	102.01	102.11	101.11	101.72	2585103
05/21/18	102.85	102.895	101.34	102.1	1610176
05/18/18	101.92	103.2	101.6103	102.23	1983045
05/17/18	103.13	103.179	101.49	101.91	1964613
05/16/18	103.08	103.44	102.51	102.99	1699598
05/15/18	102.79	103.33	101.71	103.28	2942708
05/14/18	103.68	103.99	102.54	103.29	1276852
05/11/2018	105	105.66	103.23	103.61	1476119
05/10/2018	104	105.98	103.89	104.92	2175768
05/09/2018	103	103.84	102.19	103.79	2456035
05/08/2018	102.12	102.79	101.56	102.74	2732494
05/07/2018	103.24	103.94	101.9	102.56	1675607
05/04/2018	101.51	103.995	101.51	103.31	1861705
05/03/2018	100.87	102.1	100.26	101.57	2083726
05/02/2018	100.44	102.07	100.43	100.82	3714032
05/01/2018	101.25	101.71	99.77	100.86	3706482
04/30/18	99.99	103.78	98.85	100.87	6689277
04/27/18	102.92	103.12	100.5	101.31	4451614
04/26/18	105.22	105.885	104.75	105.1	3342301
04/25/18	104.98	105.37	104.64	105.2	2095851
04/24/18	105.4	106.41	104.79	105.35	3866615
04/23/18	103.28	105.03	102.97	104.95	3117396
04/20/18	102.87	104.85	102.45	102.62	3004549
04/19/18	105.1	105.565	101.52	102.64	4308821
04/18/18	105.99	107.52	105.45	106.59	2084529
04/17/18	104.92	107.06	104.32	106.14	3159859
04/16/18	104.3	105.06	103.71	104.33	1738866
04/13/18	104.36	105.01	103.13	103.76	1393207
04/12/2018	105.2	105.29	103.12	103.86	2088470
04/11/2018	102.87	106.35	102.57	104.86	2665853
04/10/2018	109.48	109.83	101.69	103.64	5920034
04/09/2018	108.17	110.035	107.92	108.86	2418212
04/06/2018	109.85	110.32	107.88	108.01	2273304
04/05/2018	109	110.33	108.52	109.8	2773858
04/04/2018	106.94	109.12	106.94	108.91	3047356
