CMI 1009

04/04/2022	200.13	202.85	194.00	202.29	1916383.00
04/01/2022	206.87	207.12	198.41	201.03	1346556.00
03/31/2022	208.41	209.54	205.00	205.11	1111963.00
03/30/2022	212.12	212.12	208.13	209.57	716055.00
03/29/2022	209.22	213.01	208.95	212.38	709585.00
03/28/2022	208.85	208.85	204.71	207.72	642931.00
03/25/2022	209.24	210.20	207.58	209.66	557771.00
03/24/2022	209.23	211.84	207.51	209.24	804204.00
03/23/2022	207.56	210.50	206.57	208.03	1060792.00
03/22/2022	208.19	211.04	207.73	209.67	1096610.00
03/21/2022	205.61	209.37	204.44	206.15	972001.00
03/18/2022	202.47	207.08	199.28	206.75	3453637.00
03/17/2022	202.26	206.51	202.11	205.41	732566.00
03/16/2022	199.57	205.47	198.42	205.26	1314246.00
03/15/2022	199.24	200.59	196.43	198.47	940378.00
03/14/2022	197.40	201.19	196.23	197.77	1114332.00
03/11/2022	198.81	199.53	195.06	195.29	1186328.00
03/10/2022	195.75	198.12	193.68	197.20	1007969.00
03/09/2022	196.69	200.88	196.47	198.44	1407835.00
03/08/2022	191.47	201.01	189.62	193.01	1676788.00
03/07/2022	201.51	202.16	189.50	189.60	2686887.00
03/04/2022	204.16	205.92	199.25	202.04	1830211.00
03/03/2022	208.24	212.10	205.89	208.99	1264845.00
03/02/2022	198.03	209.26	197.80	207.08	2223958.00
03/01/2022	203.68	205.00	192.02	196.07	2213064.00
02/28/2022	201.10	206.13	200.73	204.12	1956310.00
02/25/2022	203.91	206.67	202.56	203.85	1545521.00
02/24/2022	202.08	204.00	198.13	203.27	1519195.00
02/23/2022	214.51	215.27	204.97	205.83	1857460.00
02/22/2022	220.72	220.72	213.47	214.09	1556595.00
02/18/2022	217.37	221.92	217.00	218.05	830308.00
02/17/2022	220.48	223.50	217.58	218.69	973583.00
02/16/2022	221.47	226.34	220.75	223.31	1291076.00
02/15/2022	220.98	224.26	220.58	222.38	898710.00
02/14/2022	223.87	224.00	218.00	219.44	1008260.00
02/11/2022	222.97	226.41	220.65	222.17	883607.00
02/10/2022	223.29	228.60	222.19	223.22	1007258.00
02/09/2022	223.81	226.78	223.12	225.50	1051181.00
02/08/2022	228.13	229.37	220.44	223.51	1358407.00
02/07/2022	229.12	229.40	225.73	226.54	1267796.00
02/04/2022	226.16	230.85	222.69	228.60	1235886.00
02/03/2022	219.00	234.20	218.80	227.25	1838451.00
02/02/2022	225.40	226.57	221.88	226.47	1836091.00
02/01/2022	220.33	226.47	219.98	225.53	933687.00
01/31/2022	219.21	221.02	215.80	220.88	1107958.00
01/28/2022	222.21	222.86	214.29	220.99	1083268.00
01/27/2022	227.75	230.10	222.26	224.08	794030.00
01/26/2022	228.16	232.95	224.32	225.85	1564659.00
01/25/2022	221.20	229.12	215.24	226.66	1347818.00
01/24/2022	219.89	224.97	216.93	224.00	1583986.00
01/21/2022	226.84	227.50	222.75	223.36	983769.00
01/20/2022	231.28	232.50	225.94	226.72	1156541.00
01/19/2022	236.89	237.01	230.31	231.10	1253104.00
01/18/2022	235.79	237.15	232.55	236.00	1176032.00
01/14/2022	234.20	237.73	232.97	237.54	999870.00
01/13/2022	232.20	238.05	232.20	235.98	782070.00
01/12/2022	232.52	233.84	230.08	231.66	762338.00
01/11/2022	232.00	233.21	228.51	232.39	1026004.00
01/10/2022	235.51	236.40	229.40	231.38	1040329.00
01/07/2022	230.00	235.00	229.49	234.35	1311924.00
01/06/2022	229.04	233.00	227.76	230.19	1062029.00
01/05/2022	228.25	232.32	226.92	226.95	1494802.00
01/04/2022	221.53	228.64	220.76	227.91	1020661.00
01/03/2022	218.71	220.78	218.27	219.53	864035.00
12/31/2021	217.02	219.12	217.02	218.14	668127.00
12/30/2021	219.32	220.57	217.66	217.84	444398.00
12/29/2021	217.45	219.68	217.00	218.72	559501.00
12/28/2021	215.48	218.85	215.48	217.53	539419.00
12/27/2021	213.41	216.32	213.18	216.21	480708.00
12/23/2021	212.37	214.57	211.29	213.97	649072.00
12/22/2021	212.19	212.59	210.44	210.92	755247.00
12/21/2021	208.62	212.78	208.21	211.76	1038058.00
12/20/2021	208.32	209.09	203.38	206.99	1318316.00
12/17/2021	217.41	217.41	210.16	211.03	2441615.00
12/16/2021	220.00	220.76	217.25	218.29	945249.00
12/15/2021	218.97	219.59	216.78	218.60	988140.00
12/14/2021	215.36	219.06	215.00	216.58	975813.00
12/13/2021	217.19	217.96	215.03	216.12	1008496.00
12/10/2021	221.18	221.50	217.48	218.10	756694.00
12/09/2021	219.39	220.42	217.41	219.58	859424.00
12/08/2021	220.00	221.45	219.15	220.81	651055.00
12/07/2021	220.94	222.39	219.44	219.77	768197.00
12/06/2021	218.77	222.57	217.22	219.27	1187022.00
12/03/2021	216.81	219.53	215.40	217.03	1231078.00
12/02/2021	210.38	216.95	209.12	215.89	1589112.00
12/01/2021	213.27	215.90	209.09	209.12	1447230.00
11/30/2021	215.51	216.42	209.09	209.75	2436355.00
11/29/2021	221.00	221.00	216.19	217.27	1114361.00
11/26/2021	220.00	221.00	216.73	219.68	696250.00
11/24/2021	227.62	228.95	225.12	225.86	1143829.00
11/23/2021	228.71	229.80	225.94	227.84	1249319.00
11/22/2021	224.84	230.73	222.34	227.98	1327083.00
11/19/2021	227.34	227.47	223.82	223.89	1412867.00
11/18/2021	231.06	231.16	226.88	228.10	914249.00
11/17/2021	235.68	235.68	230.27	231.89	1196431.00
11/16/2021	236.75	238.59	235.28	235.42	1002781.00
11/15/2021	237.00	237.69	234.44	236.03	546554.00
11/12/2021	236.83	237.53	234.04	236.34	754323.00
11/11/2021	238.00	238.61	233.77	236.30	656194.00
11/10/2021	235.85	241.59	234.87	237.71	921592.00
11/09/2021	237.66	238.84	233.74	236.20	882606.00
11/08/2021	238.00	239.80	235.90	238.06	619456.00
11/05/2021	236.05	238.57	235.14	237.07	683289.00
11/04/2021	235.87	238.18	234.53	235.16	739472.00
11/03/2021	239.51	240.34	233.50	235.48	1236524.00
11/02/2021	245.73	245.73	238.56	242.28	1115593.00
11/01/2021	240.90	247.48	240.00	245.33	914253.00
10/29/2021	243.00	243.26	238.55	239.84	1070264.00
10/28/2021	235.07	242.82	235.00	242.74	759466.00
10/27/2021	238.65	238.65	234.24	234.85	789374.00
10/26/2021	242.04	242.04	238.90	238.90	750826.00
10/25/2021	239.70	242.98	238.75	241.36	663761.00
10/22/2021	241.00	242.35	239.17	240.71	660069.00
10/21/2021	242.00	242.13	238.98	240.71	522231.00
10/20/2021	240.12	243.22	239.22	242.83	907829.00
10/19/2021	239.09	240.65	237.44	240.12	772558.00
10/18/2021	235.89	237.81	235.54	237.04	745823.00
10/15/2021	241.41	241.50	238.03	238.28	673066.00
10/14/2021	232.59	239.58	231.57	238.83	815328.00
10/13/2021	231.07	232.33	227.24	231.54	731884.00
10/12/2021	232.50	234.12	229.52	230.14	865762.00
10/11/2021	237.10	237.76	232.29	232.44	978987.00
10/08/2021	234.43	237.96	233.51	236.00	623732.00
10/07/2021	236.87	238.48	234.50	234.86	908823.00
10/06/2021	231.86	235.01	228.11	234.59	1062395.00
10/05/2021	225.63	236.21	223.58	234.67	1586645.00
10/04/2021	228.33	229.20	226.20	227.52	924835.00
10/01/2021	225.32	229.91	223.75	227.96	772694.00
09/30/2021	231.30	232.32	224.52	224.56	1094286.00
09/29/2021	230.33	232.04	228.27	230.67	686556.00
09/28/2021	230.25	232.29	228.38	229.46	643234.00
09/27/2021	227.56	233.08	227.56	230.25	802126.00
09/24/2021	228.00	229.97	227.50	227.66	755362.00
09/23/2021	223.72	229.15	222.76	228.33	1207639.00
09/22/2021	221.90	225.51	221.37	221.62	869619.00
09/21/2021	221.84	222.52	217.50	219.54	1031078.00
09/20/2021	223.55	224.77	218.28	221.47	1693532.00
09/17/2021	227.87	228.84	226.34	227.69	1986648.00
09/16/2021	234.62	235.60	229.42	229.71	1081379.00
09/15/2021	231.59	236.42	231.50	234.44	860889.00
09/14/2021	236.97	236.97	230.79	231.82	784909.00
09/13/2021	235.79	237.08	233.42	235.61	756185.00
09/10/2021	234.15	235.36	231.71	233.32	739093.00
09/09/2021	234.25	235.50	232.31	232.98	783395.00
09/08/2021	233.07	234.22	231.45	233.68	763606.00
09/07/2021	238.01	238.24	232.70	233.85	1109176.00
09/03/2021	237.11	241.35	236.96	238.57	991798.00
09/02/2021	235.79	237.77	234.67	236.97	789602.00
09/01/2021	236.01	237.03	231.20	234.87	975463.00
08/31/2021	238.69	238.86	235.11	235.98	959072.00
08/30/2021	241.09	241.62	237.22	238.69	925731.00
08/27/2021	238.12	241.73	237.01	240.30	1253882.00
08/26/2021	238.40	240.34	236.64	236.98	1118112.00
08/25/2021	236.08	239.69	235.69	238.47	1016768.00
08/24/2021	233.20	237.09	233.20	236.14	1226246.00
08/23/2021	233.25	236.23	232.36	235.25	1453233.00
08/20/2021	231.05	232.67	230.11	231.67	997986.00
08/19/2021	230.63	232.94	229.73	231.50	1187380.00
08/18/2021	234.53	236.50	233.37	233.58	1085761.00
08/17/2021	237.94	238.06	233.65	235.84	936079.00
08/16/2021	237.00	239.82	235.59	239.29	810736.00
08/13/2021	239.51	239.79	236.82	237.72	868263.00
08/12/2021	242.32	242.80	237.49	239.13	952738.00
08/11/2021	234.88	242.13	233.75	241.80	1224438.00
08/10/2021	231.45	235.53	230.22	233.77	918555.00
08/09/2021	228.66	231.43	227.70	230.65	774816.00
08/06/2021	229.85	231.09	228.85	229.08	943029.00
08/05/2021	232.87	234.25	227.38	228.27	1525355.00
08/04/2021	231.92	235.39	230.94	231.07	1154554.00
08/03/2021	229.00	235.12	227.20	233.05	1864513.00
08/02/2021	232.81	234.15	228.85	229.06	1220250.00
07/30/2021	232.83	233.47	231.39	232.10	1061668.00
07/29/2021	234.34	234.75	231.03	233.15	1522490.00
07/28/2021	233.36	234.57	230.20	232.02	2063940.00
07/27/2021	236.51	236.92	231.93	233.80	1262512.00
07/26/2021	237.21	238.69	235.69	236.50	762480.00
07/23/2021	239.26	239.26	236.81	237.44	622504.00
07/22/2021	239.64	239.64	236.46	237.44	484501.00
07/21/2021	239.32	241.57	238.28	239.38	678586.00
07/20/2021	234.39	238.72	232.44	237.94	1101789.00
07/19/2021	234.13	235.18	230.26	233.13	918973.00
07/16/2021	243.08	243.34	238.22	238.62	632718.00
07/15/2021	238.35	241.51	238.35	240.12	730895.00
07/14/2021	242.40	242.40	237.78	239.01	871543.00
07/13/2021	243.34	245.44	241.31	241.49	823670.00
07/12/2021	241.20	243.94	239.70	243.28	980630.00
07/09/2021	241.14	243.39	241.07	242.70	789180.00
07/08/2021	235.29	239.27	234.42	237.48	826887.00
07/07/2021	234.61	239.28	234.61	238.92	768750.00
07/06/2021	241.11	241.41	233.11	236.33	1037398.00
07/02/2021	242.86	242.90	240.81	241.84	780722.00
07/01/2021	244.99	245.68	240.91	242.13	1111489.00
06/30/2021	240.49	244.56	240.43	243.81	1010527.00
06/29/2021	243.39	244.02	238.94	239.61	643876.00
06/28/2021	240.85	241.48	238.76	241.27	1131206.00
06/25/2021	240.67	242.72	239.96	240.85	1055529.00
06/24/2021	239.00	240.90	237.52	239.11	997412.00
06/23/2021	237.60	239.19	235.24	238.00	855927.00
06/22/2021	237.29	238.47	235.48	237.01	899676.00
06/21/2021	235.56	239.24	235.46	235.89	991528.00
06/18/2021	232.83	236.42	230.85	233.00	2973889.00
06/17/2021	246.23	247.74	234.88	237.33	2095912.00
06/16/2021	248.89	249.72	245.46	246.00	929158.00
06/15/2021	249.22	250.42	247.88	250.10	720568.00
06/14/2021	249.28	250.18	246.87	248.44	1109556.00
06/11/2021	253.25	254.58	249.09	250.00	1682841.00
06/10/2021	258.20	259.13	251.44	252.24	1168416.00
06/09/2021	258.66	260.01	256.68	256.77	656549.00
06/08/2021	259.01	260.36	256.07	259.92	735662.00
06/07/2021	264.51	264.64	257.80	259.22	1094493.00
06/04/2021	261.48	265.09	261.19	264.22	660467.00
06/03/2021	258.78	263.32	257.87	260.97	931071.00
06/02/2021	261.76	262.26	258.75	259.85	754517.00
06/01/2021	261.49	263.55	260.06	261.76	1035915.00
05/28/2021	259.95	260.00	256.35	257.28	867750.00
05/27/2021	258.51	259.90	256.22	259.20	2363471.00
05/26/2021	254.40	255.69	252.85	255.10	906402.00
05/25/2021	256.53	257.29	253.89	254.35	885817.00
05/24/2021	257.91	259.31	255.48	255.53	629423.00
05/21/2021	256.16	258.76	255.41	256.79	777339.00
05/20/2021	258.98	259.47	254.68	255.17	1104704.00
05/19/2021	255.30	259.34	252.78	259.24	1044009.00
05/18/2021	264.86	265.32	259.00	259.09	939507.00
05/17/2021	270.00	270.84	265.08	266.32	952712.00
05/14/2021	265.28	266.32	263.19	265.67	556787.00
05/13/2021	257.86	264.78	257.59	262.93	710856.00
05/12/2021	265.86	266.80	257.14	257.67	1029815.00
05/11/2021	268.74	269.00	261.79	264.78	922129.00
05/10/2021	268.63	273.65	268.05	270.74	960081.00
05/07/2021	264.59	266.96	261.61	266.39	1005479.00
05/06/2021	262.57	265.93	261.62	265.93	988460.00
05/05/2021	256.25	262.42	253.86	260.97	1033742.00
05/04/2021	252.74	256.77	247.03	255.61	1422597.00
05/03/2021	254.00	255.56	251.70	253.62	950433.00
04/30/2021	255.55	255.55	251.82	252.04	788102.00
04/29/2021	256.13	256.86	253.62	256.78	677092.00
04/28/2021	257.89	259.09	254.37	255.38	1037019.00
04/27/2021	258.71	260.07	255.71	257.83	1140148.00
04/26/2021	263.25	264.81	258.93	259.05	1010482.00
04/23/2021	261.36	263.95	261.36	262.47	680023.00
04/22/2021	264.23	264.67	260.91	261.12	643802.00
04/21/2021	259.10	263.67	257.11	263.07	897457.00
04/20/2021	262.81	262.81	258.39	259.98	869968.00
04/19/2021	263.76	264.43	260.45	262.81	989805.00
04/16/2021	264.61	266.05	261.57	264.35	1906558.00
04/15/2021	262.34	264.41	260.38	261.96	934129.00
04/14/2021	262.00	264.30	260.29	261.42	1044973.00
04/13/2021	261.23	261.23	256.95	260.42	1245955.00
04/12/2021	260.22	261.51	258.11	261.23	849665.00
04/09/2021	258.78	259.93	256.34	259.38	995204.00
04/08/2021	257.53	258.44	255.22	256.94	1144692.00
04/07/2021	260.22	261.71	256.35	258.17	772442.00
04/06/2021	261.82	265.96	259.69	260.16	901094.00
04/05/2021	260.29	262.13	258.80	261.52	939334.00
04/01/2021	259.40	260.07	256.20	257.72	1248022.00
03/31/2021	264.64	265.96	259.08	259.11	1130346.00
03/30/2021	260.87	265.90	260.87	263.52	869619.00
03/29/2021	260.00	265.00	260.00	260.84	943191.00
03/26/2021	262.99	263.41	259.49	262.42	775330.00
03/25/2021	257.93	262.13	253.54	261.18	857667.00
03/24/2021	257.19	261.00	257.19	257.70	917456.00
03/23/2021	259.26	262.47	254.64	255.50	1347171.00
03/22/2021	266.42	266.78	261.03	263.48	1226832.00
03/19/2021	267.20	268.94	262.54	265.90	2544382.00
03/18/2021	269.70	274.76	267.25	268.26	984015.00
03/17/2021	268.32	270.67	265.95	269.64	768011.00
03/16/2021	276.06	277.09	265.27	266.92	1292817.00
03/15/2021	273.37	276.00	271.94	275.99	937479.00
03/12/2021	270.39	274.48	269.98	273.92	796743.00
03/11/2021	272.81	273.81	269.43	269.80	888782.00
03/10/2021	268.27	274.06	266.68	273.13	1017640.00
03/09/2021	269.87	273.09	266.51	266.67	875072.00
03/08/2021	268.99	273.30	266.92	268.81	1139552.00
03/05/2021	261.18	267.33	258.05	265.86	1305839.00
03/04/2021	268.29	268.29	254.85	258.61	1198762.00
03/03/2021	257.60	264.44	257.32	261.67	1210256.00
03/02/2021	262.02	262.71	255.68	257.68	892562.00
03/01/2021	256.25	265.15	256.25	262.98	1142742.00
02/26/2021	255.74	256.64	251.81	253.20	852325.00
02/25/2021	258.26	259.54	253.90	255.53	957253.00
02/24/2021	252.31	260.26	251.62	259.12	1120734.00
02/23/2021	250.12	252.88	246.31	250.90	1095753.00
02/22/2021	245.36	250.17	245.36	249.27	860752.00
02/19/2021	243.24	248.55	242.34	246.76	1026919.00
02/18/2021	239.50	241.69	237.72	241.67	1068396.00
02/17/2021	244.23	245.81	238.85	241.81	854175.00
02/16/2021	244.47	247.57	243.26	244.48	822920.00
02/12/2021	243.53	244.45	239.89	243.97	758830.00
02/11/2021	245.12	246.46	238.45	243.21	970969.00
02/10/2021	247.04	248.63	242.66	245.11	986449.00
02/09/2021	239.23	246.11	237.49	244.98	1425008.00
02/08/2021	237.05	238.76	234.00	238.61	1349309.00
02/05/2021	233.41	234.12	228.21	229.63	1463102.00
02/04/2021	235.11	238.99	229.12	232.08	1346527.00
02/03/2021	234.00	236.50	231.98	235.54	972832.00
02/02/2021	233.81	237.44	230.50	233.90	1119787.00
02/01/2021	236.78	238.51	230.93	232.97	1070725.00
01/29/2021	240.90	241.82	232.54	234.42	1148149.00
01/28/2021	240.94	247.54	240.01	242.20	906097.00
01/27/2021	242.77	244.46	237.66	239.10	1480359.00
01/26/2021	247.29	248.37	245.56	246.82	869961.00
01/25/2021	246.23	250.16	244.76	246.54	1049456.00
01/22/2021	247.08	248.32	242.45	247.00	1098104.00
01/21/2021	237.59	254.13	236.11	248.03	2659119.00
01/20/2021	239.46	239.46	235.00	236.53	1172802.00
01/19/2021	240.28	241.44	236.94	238.36	1095355.00
01/15/2021	239.31	239.31	233.28	237.24	1823065.00
01/14/2021	241.57	244.00	241.10	241.33	781793.00
01/13/2021	242.08	243.15	239.79	240.87	1032566.00
01/12/2021	236.75	242.69	236.54	242.03	1037660.00
01/11/2021	232.73	238.39	231.64	236.68	1083799.00
01/08/2021	240.16	241.25	231.30	234.31	1455814.00
01/07/2021	235.89	239.76	234.15	239.21	1351374.00
01/06/2021	223.84	236.25	223.75	233.59	1366134.00
01/05/2021	220.60	223.93	220.60	221.63	1297393.00
01/04/2021	227.68	229.15	219.75	221.37	999213.00
12/31/2020	224.91	227.29	223.85	227.10	480380.00
12/30/2020	223.88	225.88	223.47	224.99	390596.00
12/29/2020	224.41	225.28	220.77	222.69	563411.00
12/28/2020	227.91	228.68	223.96	224.14	406991.00
12/24/2020	225.29	226.70	224.04	226.53	197340.00
12/23/2020	223.23	225.73	222.04	224.22	561220.00
12/22/2020	224.47	225.50	222.65	223.54	944675.00
12/21/2020	220.23	226.01	219.60	224.72	655255.00
12/18/2020	224.07	225.15	221.45	224.31	1791816.00
12/17/2020	223.86	225.28	221.44	223.43	774024.00
12/16/2020	223.93	224.40	221.43	222.82	840450.00
12/15/2020	218.54	225.50	218.54	224.04	1264445.00
12/14/2020	220.68	221.74	216.41	216.41	1033593.00
12/11/2020	218.39	220.33	217.40	218.66	1137453.00
12/10/2020	223.04	223.50	219.22	219.55	1166212.00
12/09/2020	221.32	224.86	219.80	224.19	1426301.00
12/08/2020	218.82	222.72	218.82	221.04	1159039.00
12/07/2020	220.00	220.62	216.54	219.09	1660863.00
12/04/2020	220.70	222.47	219.16	219.93	1544848.00
12/03/2020	227.51	228.38	219.30	220.34	1923159.00
12/02/2020	229.38	231.00	227.08	227.18	1067891.00
12/01/2020	234.65	235.85	229.75	230.36	1229669.00
11/30/2020	228.72	232.20	226.25	231.17	2607973.00
11/27/2020	231.50	232.20	228.54	229.03	538341.00
11/25/2020	235.16	235.16	229.78	230.39	896418.00
11/24/2020	236.54	237.46	233.41	234.66	1374425.00
11/23/2020	232.86	236.41	232.41	235.22	1091537.00
11/20/2020	232.05	232.95	228.60	230.65	1087369.00
11/19/2020	229.78	233.71	227.65	233.14	872594.00
11/18/2020	231.68	235.78	231.25	233.46	987755.00
11/17/2020	230.93	232.00	227.35	231.08	952446.00
11/16/2020	240.00	240.00	228.58	231.86	1313965.00
11/13/2020	234.79	236.87	233.82	236.55	859213.00
11/12/2020	233.71	235.02	230.23	233.14	974211.00
11/11/2020	234.89	235.65	230.50	234.90	973335.00
11/10/2020	229.29	235.34	228.55	233.86	909560.00
11/09/2020	240.00	244.67	228.95	228.97	1435533.00
11/06/2020	230.15	232.74	228.57	229.05	724395.00
11/05/2020	226.16	232.60	225.68	229.57	757706.00
11/04/2020	229.86	230.76	221.13	222.80	1154788.00
11/03/2020	230.40	233.02	229.13	232.03	1077898.00
11/02/2020	223.07	228.19	222.40	227.68	1285481.00
10/30/2020	216.05	219.98	214.32	219.89	1092360.00
10/29/2020	214.03	219.49	212.80	217.44	1057186.00
10/28/2020	214.80	218.91	213.20	213.59	1327858.00
10/27/2020	230.92	231.35	219.61	219.78	1755725.00
10/26/2020	223.18	223.80	218.06	220.68	907919.00
10/23/2020	224.77	227.51	223.97	226.28	1041333.00
10/22/2020	222.75	225.76	222.48	223.59	862480.00
10/21/2020	223.16	226.63	221.94	222.25	835282.00
10/20/2020	222.87	224.78	221.52	222.27	850368.00
10/19/2020	223.35	224.87	220.35	221.15	679723.00
10/16/2020	224.39	227.15	222.10	222.80	1227869.00
10/15/2020	219.26	223.42	218.31	222.45	737249.00
10/14/2020	222.00	224.31	220.81	221.77	851875.00
10/13/2020	220.95	221.75	217.21	220.45	621434.00
10/12/2020	224.46	224.50	220.89	221.75	715856.00
10/09/2020	222.90	225.84	221.36	223.32	931311.00
10/08/2020	222.09	222.57	218.51	221.01	752303.00
10/07/2020	219.07	223.60	218.76	221.52	723058.00
10/06/2020	218.33	220.82	215.65	216.33	1143005.00
10/05/2020	213.22	219.80	212.25	217.85	1258304.00
10/02/2020	203.67	212.61	203.51	210.34	1003720.00
10/01/2020	212.89	213.09	205.15	207.04	1095273.00
09/30/2020	213.86	217.26	209.49	211.16	1349323.00
09/29/2020	213.48	214.19	210.61	212.90	740559.00
09/28/2020	211.00	214.40	210.56	212.79	874917.00
09/25/2020	205.07	210.13	204.64	208.63	979880.00
09/24/2020	202.53	208.42	199.70	205.42	730488.00
09/23/2020	206.00	207.88	202.45	203.01	840549.00
09/22/2020	203.77	206.23	202.26	204.28	876334.00
09/21/2020	208.10	209.04	202.04	203.87	888801.00
09/18/2020	209.69	214.10	209.61	211.90	1904815.00
09/17/2020	207.48	214.80	206.35	210.44	1016577.00
09/16/2020	212.29	213.70	209.23	209.60	1020446.00
09/15/2020	211.76	213.98	210.11	210.13	737758.00
09/14/2020	209.14	211.88	208.21	210.58	743078.00
09/11/2020	207.66	211.32	207.28	207.91	913268.00
09/10/2020	211.46	211.46	204.85	207.16	1129247.00
09/09/2020	206.19	213.81	205.51	212.07	1085662.00
09/08/2020	205.67	207.40	202.23	204.06	1363084.00
09/04/2020	206.66	208.45	202.88	204.36	927908.00
09/03/2020	212.51	213.71	202.82	204.56	1040991.00
09/02/2020	211.52	213.62	211.52	212.84	1045984.00
09/01/2020	207.75	211.50	206.12	211.06	1026262.00
08/31/2020	208.61	209.07	206.85	207.25	720724.00
08/28/2020	208.45	209.42	206.63	208.72	408820.00
08/27/2020	210.00	210.55	206.71	207.67	637691.00
08/26/2020	209.65	210.38	207.70	209.15	594779.00
08/25/2020	212.27	213.69	209.57	210.06	629422.00
08/24/2020	210.56	211.94	209.66	211.12	525800.00
08/21/2020	208.24	210.51	207.24	209.03	726979.00
08/20/2020	208.91	209.77	207.31	209.00	680404.00
08/19/2020	209.54	212.77	209.27	211.17	904461.00
08/18/2020	211.00	212.63	209.49	209.91	869791.00
08/17/2020	214.24	214.88	210.22	210.46	955755.00
08/14/2020	209.98	215.43	209.22	213.51	943049.00
08/13/2020	211.78	211.91	209.29	210.23	844636.00
08/12/2020	213.49	214.32	211.40	213.20	847483.00
08/11/2020	211.49	215.00	211.11	212.04	1528408.00
08/10/2020	199.50	210.67	199.50	210.17	1425036.00
08/07/2020	196.01	199.30	195.00	199.27	766846.00
08/06/2020	197.64	198.34	195.68	196.22	827408.00
08/05/2020	194.87	198.90	194.23	198.34	978829.00
08/04/2020	194.70	196.10	192.92	193.01	803433.00
08/03/2020	193.96	197.39	192.74	195.31	904049.00
07/31/2020	193.49	193.82	189.94	193.26	994753.00
07/30/2020	196.55	196.97	192.34	194.48	769876.00
07/29/2020	198.00	199.92	194.24	198.88	1548899.00
07/28/2020	195.49	204.98	194.84	195.02	2560670.00
07/27/2020	188.19	191.86	186.95	190.96	1176713.00
07/24/2020	190.28	190.71	187.20	188.24	902183.00
07/23/2020	190.25	192.31	189.21	189.94	949284.00
07/22/2020	185.34	190.44	185.05	190.26	1201972.00
07/21/2020	181.45	187.17	181.28	186.18	1142549.00
07/20/2020	182.37	182.48	179.16	180.30	832789.00
07/17/2020	184.35	184.85	182.40	183.11	852965.00
07/16/2020	181.22	184.85	180.46	183.73	923905.00
07/15/2020	179.61	183.19	179.61	181.72	1209755.00
07/14/2020	174.38	178.66	173.07	178.31	873534.00
07/13/2020	175.19	176.59	173.44	174.38	822355.00
07/10/2020	172.41	173.96	171.76	173.80	736334.00
07/09/2020	174.41	174.99	171.30	172.17	947009.00
07/08/2020	175.64	176.40	172.77	174.04	812071.00
07/07/2020	176.27	178.43	175.10	175.57	2138440.00
07/06/2020	177.04	179.66	176.22	178.16	1046927.00
07/02/2020	173.51	176.28	172.54	173.45	792910.00
07/01/2020	174.10	174.78	170.75	170.95	838941.00
06/30/2020	171.87	174.54	170.77	173.26	1274807.00
06/29/2020	170.66	173.84	170.19	173.07	1214714.00
06/26/2020	168.95	169.30	167.05	168.75	1631599.00
06/25/2020	165.59	169.94	163.66	169.71	1245055.00
06/24/2020	170.46	170.47	165.68	166.61	1136520.00
06/23/2020	174.35	174.64	171.77	172.43	826190.00
06/22/2020	172.64	173.27	169.83	171.99	1032599.00
06/19/2020	174.15	174.81	169.85	174.29	2750935.00
06/18/2020	171.17	172.97	169.88	171.23	860127.00
06/17/2020	172.20	173.26	170.32	171.42	1084133.00
06/16/2020	175.75	176.33	168.81	171.35	1177788.00
06/15/2020	161.73	169.54	160.61	169.14	967722.00
06/12/2020	171.56	171.56	161.92	167.08	1430127.00
06/11/2020	170.03	170.51	166.13	166.37	1255575.00
06/10/2020	181.40	181.93	176.15	176.21	2189342.00
06/09/2020	180.95	183.47	179.36	181.75	1245538.00
06/08/2020	178.90	184.94	178.90	183.90	1353562.00
06/05/2020	179.47	181.51	176.84	180.01	1795509.00
06/04/2020	172.66	175.35	172.66	174.81	906520.00
06/03/2020	173.77	176.81	173.02	174.96	1557877.00
06/02/2020	170.19	171.94	169.29	171.47	1156300.00
06/01/2020	169.49	173.32	168.70	169.83	1283967.00
05/29/2020	168.21	171.02	167.49	169.60	2755247.00
05/28/2020	173.02	173.25	169.15	169.79	1667449.00
05/27/2020	170.71	172.75	170.05	171.63	1659188.00
05/26/2020	159.49	168.39	158.92	167.11	2048356.00
05/22/2020	157.58	157.63	154.67	155.04	1209161.00
05/21/2020	159.85	160.54	157.18	157.55	950917.00
05/20/2020	159.64	163.50	158.75	161.84	1069300.00
05/19/2020	161.25	162.39	157.64	157.79	1277607.00
05/18/2020	160.93	164.80	160.68	162.03	1761395.00
05/15/2020	154.38	156.92	153.31	155.64	2119560.00
05/14/2020	145.32	155.82	143.32	155.51	1857293.00
05/13/2020	152.56	153.27	146.88	147.68	1387787.00
05/12/2020	159.10	161.00	153.53	153.61	1559240.00
05/11/2020	158.72	162.36	158.02	161.81	1123897.00
05/08/2020	158.03	162.00	158.03	161.29	896404.00
05/07/2020	156.60	157.97	154.91	155.72	977585.00
05/06/2020	154.51	155.35	152.79	153.65	730277.00
05/05/2020	155.80	158.59	153.76	153.83	783793.00
05/04/2020	155.68	156.69	152.62	153.96	955444.00
05/01/2020	160.01	160.01	154.83	157.43	1194475.00
04/30/2020	159.16	164.16	159.13	163.50	1383199.00
04/29/2020	165.89	168.24	163.08	165.20	1502673.00
04/28/2020	161.80	167.56	159.12	161.08	2201269.00
04/27/2020	148.33	151.95	147.50	151.44	1049060.00
04/24/2020	146.81	147.82	144.51	147.77	600897.00
04/23/2020	145.55	148.88	144.85	145.43	756956.00
04/22/2020	145.45	146.35	143.45	144.93	785378.00
04/21/2020	144.00	144.05	140.93	142.38	1480207.00
04/20/2020	147.91	148.20	145.70	146.10	1576138.00
04/17/2020	149.30	150.68	147.29	149.18	1300998.00
04/16/2020	146.00	146.18	143.07	145.04	1253470.00
04/15/2020	144.00	145.55	142.11	145.46	1530536.00
04/14/2020	149.40	150.75	145.37	148.14	1433986.00
04/13/2020	150.04	150.69	144.34	146.45	934050.00
04/09/2020	152.52	154.30	148.83	150.70	1133528.00
04/08/2020	147.28	150.59	144.53	149.56	1152565.00
04/07/2020	147.91	149.53	144.00	145.84	1580356.00
04/06/2020	138.62	144.74	137.73	142.12	2064170.00
04/03/2020	132.07	135.01	129.46	132.27	1588859.00
04/02/2020	128.89	134.22	127.61	132.76	1325720.00
04/01/2020	129.77	131.66	127.30	130.39	1160512.00
03/31/2020	133.52	138.41	131.39	135.32	1581971.00
03/30/2020	132.00	136.87	131.20	134.48	1234131.00
03/27/2020	127.55	135.44	127.55	131.66	1267784.00
03/26/2020	131.51	135.87	125.59	134.96	1534344.00
03/25/2020	126.05	132.13	121.82	127.77	2242372.00
03/24/2020	110.96	124.77	108.94	124.49	2491591.00
03/23/2020	114.35	114.98	101.03	102.76	2155178.00
03/20/2020	120.91	122.17	115.16	116.48	2114524.00
03/19/2020	121.85	122.49	115.00	118.55	1756416.00
03/18/2020	127.45	131.92	117.79	123.47	1879540.00
03/17/2020	133.74	137.81	128.74	136.80	2616136.00
03/16/2020	124.91	136.24	122.95	131.45	1922998.00
03/13/2020	135.82	137.92	129.50	136.84	2252431.00
03/12/2020	132.54	135.33	127.07	129.09	2288936.00
03/11/2020	141.90	145.08	139.50	141.07	2210729.00
03/10/2020	144.18	145.80	137.99	145.63	2517760.00
03/09/2020	138.20	141.32	136.57	139.27	2356089.00
03/06/2020	144.68	149.13	144.20	148.60	1757855.00
03/05/2020	152.02	153.63	147.47	148.66	1537085.00
03/04/2020	154.50	157.34	153.50	156.44	1593466.00
03/03/2020	155.17	159.31	151.34	152.15	1744300.00
03/02/2020	151.56	155.94	149.01	155.66	1794376.00
02/28/2020	149.68	152.00	146.98	151.29	2158615.00
02/27/2020	155.22	160.37	151.93	154.46	1855725.00
02/26/2020	162.79	163.90	157.64	157.97	1499100.00
02/25/2020	163.72	164.33	160.29	161.01	1995270.00
02/24/2020	162.33	163.81	161.21	162.78	1551511.00
02/21/2020	165.96	167.53	163.56	167.46	1139773.00
02/20/2020	166.10	169.71	165.06	167.12	1019464.00
02/19/2020	166.06	168.22	166.06	167.84	1560787.00
02/18/2020	165.93	167.10	164.38	166.06	1325032.00
02/14/2020	166.17	166.90	164.88	166.78	976369.00
02/13/2020	168.70	170.11	165.79	166.10	1266742.00
02/12/2020	165.54	168.42	164.92	168.04	1163907.00
02/11/2020	163.10	165.22	163.10	164.30	864010.00
02/10/2020	160.25	162.71	160.11	162.23	1057911.00
02/07/2020	164.44	164.92	160.40	160.80	1361136.00
02/06/2020	168.64	168.65	164.88	165.95	1127504.00
02/05/2020	162.70	166.59	162.04	166.43	1410888.00
02/04/2020	167.00	168.64	160.84	161.00	2826191.00
02/03/2020	161.31	164.47	160.33	162.89	2248598.00
01/31/2020	163.47	163.96	158.18	159.97	2721492.00
01/30/2020	164.16	166.33	163.73	166.10	979836.00
01/29/2020	167.27	167.39	165.64	165.69	1249597.00
01/28/2020	166.21	166.96	164.99	166.08	920822.00
01/27/2020	165.41	166.38	164.45	164.77	1184153.00
01/24/2020	171.60	171.74	167.77	169.15	933807.00
01/23/2020	169.76	171.88	167.42	171.66	976410.00
01/22/2020	171.74	172.05	169.37	170.11	941190.00
01/21/2020	173.11	173.22	170.50	171.07	1277441.00
01/17/2020	175.88	177.29	172.98	173.80	2181589.00
01/16/2020	173.53	175.44	172.97	175.26	1034033.00
01/15/2020	171.00	172.75	170.69	172.61	997106.00
01/14/2020	174.97	175.30	172.17	172.40	1132986.00
01/13/2020	171.88	172.77	170.92	172.49	972175.00
01/10/2020	174.24	174.31	171.32	171.43	1153596.00
01/09/2020	174.76	175.31	171.37	173.52	1199822.00
01/08/2020	174.17	175.42	173.08	174.35	896792.00
01/07/2020	174.08	174.84	171.65	174.26	1437426.00
01/06/2020	175.56	175.56	173.16	174.13	1253904.00
01/03/2020	177.18	177.18	174.38	176.81	1017606.00
01/02/2020	180.02	180.88	177.40	179.32	1206548.00
12/31/2019	179.28	179.83	177.98	178.96	735797.00
12/30/2019	180.63	180.81	178.83	179.16	560092.00
12/27/2019	181.88	182.62	180.47	180.70	747893.00
12/26/2019	181.55	181.95	180.66	181.42	501681.00
12/24/2019	181.60	181.94	180.91	181.16	276738.00
12/23/2019	181.13	182.27	180.50	181.42	821502.00
12/20/2019	181.10	181.95	179.24	181.11	2285885.00
12/19/2019	181.14	181.44	178.11	179.30	1058213.00
12/18/2019	182.62	182.62	179.42	180.80	1162311.00
12/17/2019	181.93	182.91	181.24	182.27	819397.00
12/16/2019	181.74	184.01	181.68	181.81	1104695.00
12/13/2019	183.84	185.86	181.51	182.48	976827.00
12/12/2019	181.55	185.64	180.51	184.88	1195995.00
12/11/2019	181.79	182.49	180.35	182.11	958957.00
12/10/2019	180.36	181.01	178.72	179.65	936573.00
12/09/2019	180.38	181.30	179.36	181.04	710087.00
12/06/2019	181.14	182.19	180.32	180.41	713335.00
12/05/2019	178.44	179.36	177.60	178.72	899914.00
12/04/2019	178.97	180.67	178.02	178.04	957351.00
12/03/2019	178.70	178.70	175.39	178.10	1060996.00
12/02/2019	183.39	184.63	181.10	181.26	940187.00
11/29/2019	183.62	184.00	182.46	182.86	455241.00
11/27/2019	185.04	185.19	182.89	184.81	896584.00
11/26/2019	184.08	185.14	182.93	185.04	917636.00
11/25/2019	181.20	184.09	179.71	184.02	1412649.00
11/22/2019	181.24	181.40	178.74	180.15	1051984.00
11/21/2019	180.10	182.37	179.57	180.82	937870.00
11/20/2019	182.35	182.69	179.57	180.62	1036355.00
11/19/2019	184.26	184.37	181.27	182.96	1916661.00
11/18/2019	182.20	183.68	180.78	183.46	838345.00
11/15/2019	182.50	184.45	181.63	184.00	1088188.00
11/14/2019	180.38	181.82	179.66	180.84	748696.00
11/13/2019	181.30	181.85	179.82	180.69	961225.00
11/12/2019	186.29	186.50	183.74	184.09	1130359.00
11/11/2019	185.02	186.62	184.87	186.44	905958.00
11/08/2019	183.98	186.72	182.00	186.27	1249382.00
11/07/2019	182.82	184.52	182.09	182.53	1665655.00
11/06/2019	179.08	181.42	176.57	181.39	1217652.00
11/05/2019	179.31	181.53	179.00	179.93	1047295.00
11/04/2019	178.45	179.56	176.67	179.18	1357645.00
11/01/2019	173.68	176.57	172.32	176.57	1963625.00
10/31/2019	174.08	174.59	169.91	172.48	1391356.00
10/30/2019	177.24	177.77	172.76	174.59	1884621.00
10/29/2019	174.64	179.63	173.65	177.12	2666945.00
10/28/2019	180.01	180.56	178.07	180.03	1404464.00
10/25/2019	175.72	179.18	175.58	178.52	1303293.00
10/24/2019	175.66	175.72	173.39	175.43	914633.00
10/23/2019	174.03	175.31	172.88	175.19	977218.00
10/22/2019	172.34	175.50	170.11	175.10	1293866.00
10/21/2019	171.64	172.86	170.70	171.32	978251.00
10/18/2019	167.85	170.88	167.24	170.28	1223602.00
10/17/2019	167.31	168.56	166.27	167.64	649574.00
10/16/2019	166.20	168.45	165.81	166.18	894582.00
10/15/2019	163.14	167.44	162.21	166.35	1077998.00
10/14/2019	159.90	163.90	157.85	163.76	872661.00
10/11/2019	160.31	165.00	160.31	162.76	1343530.00
10/10/2019	155.69	158.60	155.19	157.05	812160.00
10/09/2019	154.82	156.02	153.52	155.01	793722.00
10/08/2019	154.49	155.22	152.55	153.14	1031443.00
10/07/2019	157.07	158.34	155.86	156.50	836109.00
10/04/2019	154.81	158.13	154.81	157.86	977177.00
10/03/2019	153.65	155.04	151.15	154.99	1450989.00
10/02/2019	155.45	157.00	153.65	154.12	1250315.00
10/01/2019	164.02	165.35	157.03	157.54	1310945.00
09/30/2019	161.20	163.73	160.65	162.67	990472.00
09/27/2019	161.06	161.73	159.27	161.30	1002321.00
09/26/2019	161.42	162.25	159.40	159.95	891930.00
09/25/2019	160.12	162.50	159.09	161.37	1507819.00
09/24/2019	163.22	163.55	159.82	160.61	1428312.00
09/23/2019	160.43	163.51	160.20	162.19	1328142.00
09/20/2019	162.06	163.93	161.13	161.57	3626452.00
09/19/2019	162.90	164.06	161.57	162.02	783920.00
09/18/2019	162.19	162.81	160.11	162.35	1078366.00
09/17/2019	163.00	163.44	161.31	163.02	1351598.00
09/16/2019	163.87	165.40	163.46	163.70	1126848.00
09/13/2019	166.17	167.35	164.88	165.11	1058488.00
09/12/2019	165.34	166.41	162.87	165.05	984530.00
09/11/2019	163.50	165.50	160.60	165.49	1254710.00
09/10/2019	161.27	165.47	160.68	163.99	1836893.00
09/09/2019	155.32	160.99	155.10	160.82	1704801.00
09/06/2019	155.01	156.19	153.87	154.90	1124800.00
09/05/2019	151.06	156.16	150.55	154.66	1563596.00
09/04/2019	148.00	149.15	147.50	148.97	975202.00
09/03/2019	147.62	148.22	144.12	145.91	1268889.00
08/30/2019	150.25	151.18	148.75	149.27	939514.00
08/29/2019	147.34	149.75	147.07	149.10	1368360.00
08/28/2019	142.63	145.88	141.53	145.60	1169166.00
08/27/2019	144.47	144.94	142.80	142.80	1171119.00
08/26/2019	143.66	143.91	141.52	143.14	1197764.00
08/23/2019	145.59	146.23	141.14	142.02	1533186.00
08/22/2019	148.28	149.42	145.65	146.68	1021309.00
08/21/2019	147.91	149.41	147.16	147.76	1014041.00
08/20/2019	147.64	147.85	145.77	146.21	1150511.00
08/19/2019	151.64	152.15	148.72	149.04	2291166.00
08/16/2019	147.00	150.26	147.00	149.25	1237818.00
08/15/2019	144.99	146.43	144.05	146.03	1505556.00
08/14/2019	148.28	148.99	144.13	144.49	1839191.00
08/13/2019	147.50	154.26	147.31	151.07	1414202.00
08/12/2019	149.41	150.17	147.20	148.16	1089012.00
08/09/2019	152.74	153.25	148.41	149.96	1396020.00
08/08/2019	152.86	154.38	152.30	153.72	1240645.00
08/07/2019	151.73	153.78	149.39	152.26	1478289.00
08/06/2019	152.51	154.42	151.29	154.40	1223495.00
08/05/2019	155.57	156.22	150.01	151.43	2317869.00
08/02/2019	158.60	159.60	157.05	158.68	1317108.00
08/01/2019	163.88	165.24	158.67	159.73	1435516.00
07/31/2019	164.76	166.80	162.06	164.00	1907057.00
07/30/2019	162.50	166.51	162.33	165.17	2355502.00
07/29/2019	174.86	175.43	173.30	173.97	1194329.00
07/26/2019	174.20	175.28	173.14	174.74	855240.00
07/25/2019	175.02	175.54	172.95	174.96	940890.00
07/24/2019	172.34	175.91	171.55	175.37	1026490.00
07/23/2019	171.49	173.55	170.69	173.37	1144457.00
07/22/2019	173.27	173.66	170.39	170.73	1038509.00
07/19/2019	168.98	175.18	168.66	172.80	1904617.00
07/18/2019	169.11	169.70	166.65	167.94	959122.00
07/17/2019	172.09	172.22	169.04	169.29	1075272.00
07/16/2019	170.01	172.60	169.32	172.35	750194.00
07/15/2019	171.58	172.35	169.92	171.12	650502.00
07/12/2019	169.68	172.09	169.65	171.09	1254163.00
07/11/2019	168.40	168.90	166.09	168.86	951541.00
07/10/2019	168.00	169.10	167.03	167.40	827069.00
07/09/2019	167.83	168.46	166.10	167.29	1231468.00
07/08/2019	168.99	170.00	168.26	169.06	996260.00
07/05/2019	168.96	169.65	165.77	169.15	829189.00
07/03/2019	171.71	172.01	168.89	170.24	756702.00
07/02/2019	171.06	171.63	169.26	170.20	1164891.00
07/01/2019	173.00	173.77	170.24	172.86	2385825.00
06/28/2019	169.03	171.44	168.54	171.34	2680523.00
06/27/2019	169.31	169.86	166.86	168.25	705552.00
06/26/2019	169.70	170.18	168.61	168.91	831617.00
06/25/2019	170.70	170.70	167.93	168.85	1987479.00
06/24/2019	170.22	171.31	169.34	170.16	1163065.00
06/21/2019	171.42	171.60	169.50	169.96	1713552.00
06/20/2019	170.00	171.84	168.78	171.60	1556615.00
06/19/2019	166.77	168.18	165.97	167.95	1064291.00
06/18/2019	163.09	168.00	163.09	166.84	1031884.00
06/17/2019	163.93	164.15	161.97	162.28	787051.00
06/14/2019	164.21	164.21	161.56	163.86	958632.00
06/13/2019	163.52	164.41	162.00	164.36	836673.00
06/12/2019	164.08	164.16	162.17	163.07	1068939.00
06/11/2019	165.18	167.26	164.02	164.21	1062647.00
06/10/2019	163.10	164.84	162.44	163.08	885107.00
06/07/2019	161.40	163.02	160.01	161.95	803420.00
06/06/2019	159.12	161.22	158.61	160.77	983802.00
06/05/2019	157.71	159.66	154.97	159.55	1515459.00
06/04/2019	154.35	156.36	152.90	156.34	1743444.00
06/03/2019	150.90	153.94	150.78	152.36	1653094.00
05/31/2019	154.90	155.24	150.48	150.76	1640757.00
05/30/2019	158.82	159.97	157.86	158.53	1063512.00
05/29/2019	157.59	159.14	156.24	157.91	1076804.00
05/28/2019	160.34	161.67	158.68	158.70	1596090.00
05/24/2019	160.47	161.52	159.29	159.92	935770.00
05/23/2019	159.21	160.19	157.74	159.25	1282964.00
05/22/2019	163.90	164.46	162.64	163.50	1095162.00
05/21/2019	162.40	164.53	162.35	164.24	1098080.00
05/20/2019	158.56	161.34	158.56	161.18	1133469.00
05/17/2019	160.80	161.11	158.84	159.24	1109412.00
05/16/2019	162.47	163.33	161.90	162.51	836860.00
05/15/2019	159.80	161.96	157.92	161.42	1036511.00
05/14/2019	159.45	161.26	158.52	160.76	1232085.00
05/13/2019	162.41	162.41	158.06	158.89	1436525.00
05/10/2019	164.60	165.75	161.29	165.39	928894.00
05/09/2019	163.26	165.50	161.44	165.34	1373709.00
05/08/2019	165.47	166.79	164.26	165.35	755373.00
05/07/2019	165.97	166.85	163.98	165.61	1183956.00
05/06/2019	165.64	167.84	164.15	167.60	1165718.00
05/03/2019	166.53	169.28	166.18	169.19	1296699.00
05/02/2019	165.23	166.60	163.80	166.17	1208415.00
05/01/2019	166.51	168.45	164.97	165.47	1327035.00
04/30/2019	167.54	169.45	163.83	166.29	1885115.00
04/29/2019	163.65	164.38	162.72	164.14	1498642.00
04/26/2019	162.70	163.53	161.82	163.34	1223134.00
04/25/2019	165.04	165.77	161.68	162.14	970454.00
04/24/2019	166.43	167.93	165.50	166.17	699112.00
04/23/2019	166.00	167.42	164.60	166.81	1205998.00
04/22/2019	167.05	167.06	165.42	165.96	755592.00
04/18/2019	166.45	168.22	166.00	167.84	1511561.00
04/17/2019	168.13	169.37	165.75	165.96	979914.00
04/16/2019	166.62	167.76	165.10	167.22	970043.00
04/15/2019	166.08	166.67	164.56	164.97	1587138.00
04/12/2019	165.60	166.80	164.71	166.07	991030.00
04/11/2019	162.68	165.00	162.08	164.56	613759.00
04/10/2019	162.32	163.20	161.24	162.54	545829.00
04/09/2019	162.16	162.86	160.26	161.71	911339.00
04/08/2019	163.00	163.56	162.16	163.19	534256.00
04/05/2019	163.50	164.43	162.93	163.27	948632.00
04/04/2019	160.95	163.64	160.43	163.43	801639.00
04/03/2019	162.19	162.77	160.97	161.45	640748.00
04/02/2019	162.51	163.79	161.63	161.83	986416.00
04/01/2019	159.68	162.60	159.35	162.33	1436579.00
03/29/2019	157.25	157.94	156.39	157.87	1379558.00
03/28/2019	155.90	156.85	155.24	155.99	1199921.00
03/27/2019	156.47	156.53	154.87	155.55	1371634.00
03/26/2019	157.59	158.34	155.71	156.27	981282.00
03/25/2019	155.50	156.74	155.39	156.45	898297.00
03/22/2019	157.64	157.81	154.94	155.63	1348382.00
03/21/2019	157.09	159.20	157.09	158.62	711934.00
03/20/2019	159.48	159.77	156.37	157.76	1462028.00
03/19/2019	161.22	162.34	159.56	160.11	1498737.00
03/18/2019	157.70	160.61	157.59	160.55	1340124.00
03/15/2019	157.11	158.09	156.55	157.41	3532801.00
03/14/2019	156.73	157.83	156.30	157.11	1707505.00
03/13/2019	159.00	159.00	156.65	156.96	1798192.00
03/12/2019	158.45	158.89	157.25	158.42	1924782.00
03/11/2019	154.59	158.24	154.11	158.04	1606161.00
03/08/2019	152.76	155.20	152.74	154.57	1402528.00
03/07/2019	153.90	155.08	151.88	154.29	1333713.00
03/06/2019	154.45	155.42	153.83	154.52	1070815.00
03/05/2019	154.45	156.18	154.45	154.49	1032584.00
03/04/2019	155.51	156.13	153.32	155.04	1142642.00
03/01/2019	155.22	155.91	153.76	154.41	1496053.00
02/28/2019	154.98	154.98	153.71	154.09	1002326.00
02/27/2019	155.72	156.18	154.00	155.36	1132422.00
02/26/2019	154.83	157.04	154.03	155.31	1664322.00
02/25/2019	156.90	157.17	155.21	156.08	978808.00
02/22/2019	154.56	156.23	154.12	155.44	1384318.00
02/21/2019	153.49	155.34	152.97	154.07	1163924.00
02/20/2019	154.11	155.87	152.79	155.39	1497882.00
02/19/2019	155.08	155.31	153.46	153.66	1820195.00
02/15/2019	152.32	155.50	151.74	155.47	1350223.00
02/14/2019	151.58	152.43	151.00	151.39	810561.00
02/13/2019	152.44	153.47	151.42	152.71	1137725.00
02/12/2019	149.11	152.16	148.98	151.79	1129094.00
02/11/2019	148.16	149.11	147.44	148.18	1272192.00
02/08/2019	148.41	149.26	146.53	148.28	891161.00
02/07/2019	149.41	150.74	148.40	149.62	1141638.00
02/06/2019	147.47	150.97	146.24	149.35	2116542.00
02/05/2019	148.48	149.92	147.32	149.82	1674774.00
02/04/2019	146.88	148.82	145.91	148.75	1345743.00
02/01/2019	147.22	147.80	145.80	146.71	1502168.00
01/31/2019	146.17	147.32	144.75	147.11	1651712.00
01/30/2019	147.74	147.79	144.24	146.36	1158350.00
01/29/2019	144.09	146.61	143.64	146.38	1075308.00
01/28/2019	144.13	144.13	140.88	142.82	1294363.00
01/25/2019	145.98	147.40	145.80	146.84	1026572.00
01/24/2019	143.34	144.49	142.58	143.89	1480987.00
01/23/2019	146.72	147.12	143.40	143.45	1650329.00
01/22/2019	149.47	149.88	145.81	146.18	1869826.00
01/18/2019	146.33	150.73	146.25	150.56	1963054.00
01/17/2019	140.51	145.61	140.51	145.10	1259411.00
01/16/2019	139.07	141.70	138.73	141.37	1191813.00
01/15/2019	140.43	140.65	138.10	138.90	1435402.00
01/14/2019	138.76	140.54	137.58	140.23	1547575.00
01/11/2019	139.02	140.10	138.21	139.54	1152649.00
01/10/2019	136.53	139.49	135.78	139.33	1432268.00
01/09/2019	138.39	139.14	136.78	137.47	1734791.00
01/08/2019	138.28	140.06	136.92	137.20	1314467.00
01/07/2019	136.14	138.72	135.29	136.84	1114233.00
01/04/2019	132.33	136.29	132.27	136.17	1244093.00
01/03/2019	132.41	132.83	130.03	130.74	1192420.00
01/02/2019	131.22	134.13	130.93	133.38	1172724.00
12/31/2018	132.40	133.69	131.87	133.64	895929.00
12/28/2018	133.07	134.43	130.76	131.66	1071976.00
12/27/2018	128.63	132.58	126.02	132.58	1138646.00
12/26/2018	125.66	131.13	124.40	131.07	1460575.00
12/24/2018	127.96	128.01	125.42	125.49	904274.00
12/21/2018	130.24	133.20	127.72	128.22	2362039.00
12/20/2018	129.89	133.03	128.50	130.11	1646898.00
12/19/2018	131.65	135.40	129.25	130.89	2177069.00
12/18/2018	132.85	134.25	129.94	131.34	1618358.00
12/17/2018	133.45	135.38	130.93	131.45	1538991.00
12/14/2018	132.86	135.62	132.38	133.84	1110603.00
12/13/2018	136.45	137.59	133.83	134.47	1426439.00
12/12/2018	136.36	138.33	135.83	135.97	1410242.00
12/11/2018	138.57	139.35	133.31	134.40	1173178.00
12/10/2018	137.49	138.41	133.61	136.29	1275247.00
12/07/2018	142.49	144.89	137.58	138.60	1329883.00
12/06/2018	142.95	143.38	137.56	142.29	1945737.00
12/04/2018	151.92	151.92	146.19	146.37	1674279.00
12/03/2018	154.86	156.49	151.33	152.47	1820351.00
11/30/2018	148.26	151.58	148.18	151.06	1415782.00
11/29/2018	148.37	149.09	146.78	148.20	997477.00
11/28/2018	145.82	148.56	143.67	148.56	860430.00
11/27/2018	146.46	147.37	144.33	145.18	1358726.00
11/26/2018	146.26	148.85	145.85	147.19	1118999.00
11/23/2018	143.91	145.69	143.78	144.81	451681.00
11/21/2018	143.33	147.24	142.83	145.00	867728.00
11/20/2018	144.63	145.08	141.13	143.17	1312382.00
11/19/2018	146.15	147.65	145.26	145.72	2223354.00
11/16/2018	147.30	149.03	146.92	147.11	1814737.00
11/15/2018	144.34	148.73	143.48	147.46	2057862.00
11/14/2018	144.80	147.51	144.19	145.84	1288496.00
11/13/2018	145.07	147.61	144.04	144.50	1593099.00
11/12/2018	143.59	145.64	142.28	144.36	949724.00
11/09/2018	144.93	145.85	141.94	143.07	2661725.00
11/08/2018	146.08	147.91	145.24	146.25	1176705.00
11/07/2018	146.76	146.83	143.19	146.73	1855797.00
11/06/2018	142.90	145.80	142.47	145.11	855237.00
11/05/2018	141.80	144.96	141.40	143.83	1425402.00
11/02/2018	143.16	144.72	141.25	141.83	1355994.00
11/01/2018	137.69	144.24	137.52	142.19	1520361.00
10/31/2018	137.11	139.35	136.23	136.69	3325050.00
10/30/2018	129.73	134.99	124.72	134.40	3202928.00
10/29/2018	131.06	134.16	129.31	131.38	2336906.00
10/26/2018	126.81	129.54	124.87	128.77	2180304.00
10/25/2018	129.58	131.10	128.12	128.37	3334463.00
10/24/2018	134.68	135.44	127.82	128.07	2133534.00
10/23/2018	134.81	136.02	131.12	134.64	2746464.00
10/22/2018	140.65	140.65	138.12	139.93	1174539.00
10/19/2018	141.48	142.00	139.14	139.96	1743331.00
10/18/2018	145.84	145.84	140.60	141.20	2090719.00
10/17/2018	146.58	147.30	144.59	146.19	1133929.00
10/16/2018	147.37	147.67	145.75	147.41	1060882.00
10/15/2018	145.41	147.78	145.21	146.06	963026.00
10/12/2018	147.59	147.83	143.07	145.24	1795298.00
10/11/2018	147.25	149.23	144.58	145.47	1712977.00
10/10/2018	151.00	151.00	147.26	147.86	1803125.00
10/09/2018	153.27	153.94	149.61	150.83	1420217.00
10/08/2018	150.44	153.29	150.10	152.84	1821448.00
10/05/2018	152.32	152.94	150.23	151.28	1280487.00
10/04/2018	152.67	153.47	151.36	152.49	1578941.00
10/03/2018	149.13	151.86	148.66	150.59	1082779.00
10/02/2018	148.35	149.81	147.61	148.95	1025035.00
10/01/2018	147.77	149.02	147.25	147.99	1207199.00
09/28/2018	146.50	146.78	145.59	146.07	1880911.00
09/27/2018	147.25	148.34	146.13	147.19	920824.00
09/26/2018	148.02	148.75	146.83	147.03	987239.00
09/25/2018	149.07	149.72	147.69	148.22	1477824.00
09/24/2018	150.52	150.67	148.62	149.08	1922129.00
09/21/2018	151.28	151.83	150.00	151.02	2174952.00
09/20/2018	149.53	151.87	149.29	150.84	1547170.00
09/19/2018	145.87	149.42	145.34	148.33	1251935.00
09/18/2018	144.45	145.92	143.09	145.58	1240299.00
09/17/2018	143.20	145.67	143.20	144.49	1084834.00
09/14/2018	142.40	143.39	141.56	143.20	1026631.00
09/13/2018	143.15	144.00	141.23	142.26	1436119.00
09/12/2018	141.75	142.65	139.28	142.07	1557906.00
09/11/2018	141.49	143.54	140.30	143.05	1006751.00
09/10/2018	141.22	144.00	141.20	142.41	890182.00
09/07/2018	140.76	142.76	139.29	141.03	1322166.00
09/06/2018	141.61	143.54	140.17	140.91	1303987.00
09/05/2018	139.67	142.58	139.15	142.44	1994566.00
09/04/2018	141.18	141.98	139.04	139.99	1618477.00
08/31/2018	141.10	142.22	140.79	141.80	1285860.00
08/30/2018	143.69	143.94	141.23	141.56	1340645.00
08/29/2018	145.09	145.27	142.50	143.91	1110371.00
08/28/2018	145.01	145.98	144.34	144.77	1463384.00
08/27/2018	141.83	144.74	141.82	144.03	1066169.00
08/24/2018	138.53	141.19	137.63	140.99	1264986.00
08/23/2018	144.50	144.81	141.17	141.43	1421222.00
08/22/2018	145.00	145.53	144.20	144.81	1435640.00
08/21/2018	144.03	145.94	144.03	145.29	1603290.00
08/20/2018	144.00	145.96	144.00	145.39	1247767.00
08/17/2018	140.57	143.85	140.57	143.35	987458.00
08/16/2018	138.74	141.28	138.72	140.76	1141489.00
08/15/2018	138.20	138.42	135.62	138.04	1648066.00
08/14/2018	139.90	140.49	138.70	138.99	1280654.00
08/13/2018	140.67	141.22	138.69	139.70	1110985.00
08/10/2018	141.36	141.75	139.82	140.29	876310.00
08/09/2018	142.41	142.76	141.55	142.02	861344.00
08/08/2018	143.62	144.39	142.15	142.23	1121879.00
08/07/2018	142.71	144.47	142.37	143.58	995837.00
08/06/2018	141.70	142.48	140.76	141.85	1008837.00
08/03/2018	140.65	141.92	139.62	141.61	1649087.00
08/02/2018	138.83	140.61	137.34	139.79	1219954.00
08/01/2018	141.38	142.57	138.94	139.72	1915439.00
07/31/2018	136.90	144.27	134.60	142.81	4313932.00
07/30/2018	140.50	141.69	136.90	137.21	1585937.00
07/27/2018	137.73	139.14	136.98	138.96	1426005.00
07/26/2018	136.26	138.95	136.06	137.60	1185859.00
07/25/2018	135.01	136.03	133.44	135.81	1168017.00
07/24/2018	136.00	137.50	135.02	135.59	2157859.00
07/23/2018	134.89	135.71	134.50	134.72	1206534.00
07/20/2018	136.72	136.90	135.01	135.81	1510170.00
07/19/2018	136.53	138.38	136.04	137.82	988732.00
07/18/2018	135.99	138.66	135.59	137.73	931412.00
07/17/2018	134.18	136.07	134.17	135.88	823974.00
07/16/2018	136.86	136.86	134.48	134.68	781603.00
07/13/2018	134.75	137.54	134.71	136.86	963641.00
07/12/2018	135.05	135.16	133.36	134.49	1150827.00
07/11/2018	135.81	135.95	133.92	134.09	1203284.00
07/10/2018	137.77	138.39	136.00	137.19	1720312.00
07/09/2018	132.20	135.48	132.05	135.15	2028200.00
07/06/2018	131.24	132.03	129.90	131.40	1543726.00
07/05/2018	131.84	131.96	130.60	131.46	1624737.00
07/03/2018	132.91	133.30	130.96	131.05	715188.00
07/02/2018	131.58	132.59	130.84	132.25	1177323.00
06/29/2018	133.72	134.97	132.90	133.00	1094093.00
06/28/2018	131.65	133.94	131.58	133.24	1002241.00
06/27/2018	134.20	136.57	132.25	132.32	1340955.00
06/26/2018	134.77	136.69	133.34	133.94	1555092.00
06/25/2018	134.79	135.67	132.88	134.15	1527573.00
06/22/2018	136.56	137.52	135.55	136.05	1777150.00
06/21/2018	137.81	138.01	135.02	135.24	1712620.00
06/20/2018	139.81	139.88	137.66	138.58	1365968.00
06/19/2018	140.97	141.69	139.13	139.77	1569247.00
06/18/2018	141.91	142.86	140.68	142.41	1194739.00
06/15/2018	141.10	143.23	139.68	143.13	1733506.00
06/14/2018	141.60	143.23	141.28	141.89	906544.00
06/13/2018	143.34	143.47	141.25	141.56	1203966.00
06/12/2018	144.69	145.18	143.38	143.59	1230667.00
06/11/2018	143.56	145.19	143.56	144.56	759598.00
06/08/2018	143.48	144.50	142.29	143.68	1337711.00
06/07/2018	144.00	144.57	143.38	143.86	1152019.00
06/06/2018	142.02	143.63	141.43	143.55	1796019.00
06/05/2018	142.25	142.77	140.73	141.57	1750963.00
06/04/2018	144.32	144.59	141.94	142.30	830537.00
06/01/2018	143.59	144.81	142.85	143.58	1034017.00
05/31/2018	145.50	145.93	141.86	142.39	1382221.00
05/30/2018	145.00	146.01	143.66	145.48	1573549.00
05/29/2018	146.02	146.10	142.63	144.50	1873637.00
05/25/2018	147.77	148.28	145.80	146.54	1057314.00
05/24/2018	148.93	149.70	147.78	148.38	821752.00
05/23/2018	148.50	149.26	147.07	149.06	1323123.00
05/22/2018	151.03	151.42	149.05	149.06	653012.00
05/21/2018	150.00	151.50	149.80	151.00	1278397.00
05/18/2018	146.14	149.54	146.14	148.90	1643059.00
05/17/2018	146.06	147.80	145.48	146.36	930328.00
05/16/2018	146.52	147.97	146.52	147.18	1084924.00
05/15/2018	144.01	146.52	143.78	146.44	1498585.00
05/14/2018	146.30	147.20	144.36	144.87	1434713.00
05/11/2018	146.16	148.99	145.50	146.25	1516277.00
05/10/2018	146.87	147.28	145.37	146.12	1325752.00
05/09/2018	146.23	147.63	145.21	146.52	1292040.00
05/08/2018	145.43	147.74	144.58	145.99	1380276.00
05/07/2018	145.32	146.71	144.84	144.96	2078214.00
05/04/2018	142.43	145.47	142.04	144.55	2146919.00
05/03/2018	144.63	145.43	140.60	143.55	3231563.00
05/02/2018	150.27	151.55	145.47	146.12	3582934.00
05/01/2018	153.94	155.00	149.10	153.28	4037319.00
04/30/2018	161.72	163.46	159.07	159.86	1950089.00
04/27/2018	161.48	162.90	159.22	160.82	2119208.00
04/26/2018	162.25	163.34	160.21	161.99	1229290.00
04/25/2018	160.85	163.35	159.40	162.14	1672572.00
04/24/2018	170.47	171.90	157.21	161.33	2623338.00
04/23/2018	168.95	170.04	167.95	169.02	1070744.00
04/20/2018	169.92	170.22	168.00	168.77	825674.00
04/19/2018	170.61	171.27	168.19	169.52	1598321.00
04/18/2018	168.48	172.08	167.71	170.83	1719459.00
04/17/2018	168.44	169.27	167.16	167.47	1252351.00
04/16/2018	164.43	167.90	164.10	166.67	1774210.00
04/13/2018	162.99	163.85	161.87	162.39	1123865.00
04/12/2018	160.00	162.77	159.60	161.79	1464476.00
04/11/2018	160.48	161.72	158.42	158.86	1341953.00
04/10/2018	158.89	162.84	158.56	161.92	1704170.00
04/09/2018	158.02	159.61	156.28	156.50	1306930.00
04/06/2018	161.31	161.95	156.20	157.90	1397945.00
04/05/2018	162.15	163.64	161.52	162.42	1910001.00
04/04/2018	155.58	161.29	155.58	160.95	1476691.00
