CMI 1009

04/04/2022	200.13	202.855	194	202.29	1916383
04/01/2022	206.87	207.115	198.411	201.03	1346556
03/31/22	208.41	209.535	205	205.11	1111963
03/30/22	212.12	212.12	208.13	209.57	716055
03/29/22	209.22	213.01	208.95	212.38	709585
03/28/22	208.85	208.85	204.71	207.72	642931
03/25/22	209.24	210.197	207.58	209.66	557771
03/24/22	209.23	211.84	207.51	209.24	804204
03/23/22	207.56	210.5	206.57	208.03	1060792
03/22/22	208.19	211.04	207.73	209.67	1096610
03/21/22	205.61	209.37	204.44	206.15	972001
03/18/22	202.47	207.08	199.28	206.75	3453637
03/17/22	202.26	206.51	202.11	205.41	732566
03/16/22	199.57	205.47	198.42	205.26	1314246
03/15/22	199.24	200.585	196.43	198.47	940378
03/14/22	197.4	201.19	196.23	197.77	1114332
03/11/2022	198.81	199.53	195.056	195.29	1186328
03/10/2022	195.75	198.12	193.675	197.2	1007969
03/09/2022	196.69	200.88	196.47	198.44	1407835
03/08/2022	191.47	201.01	189.62	193.01	1676788
03/07/2022	201.51	202.16	189.5	189.6	2686887
03/04/2022	204.16	205.92	199.25	202.04	1830211
03/03/2022	208.24	212.1	205.89	208.99	1264845
03/02/2022	198.03	209.26	197.8	207.08	2223958
03/01/2022	203.68	205	192.02	196.07	2213064
02/28/22	201.1	206.13	200.73	204.12	1956310
02/25/22	203.91	206.67	202.56	203.85	1545521
02/24/22	202.08	204	198.13	203.27	1519195
02/23/22	214.51	215.27	204.97	205.83	1857460
02/22/22	220.72	220.72	213.47	214.09	1556595
02/18/22	217.37	221.92	217	218.05	830308
02/17/22	220.48	223.5	217.58	218.69	973583
02/16/22	221.47	226.335	220.75	223.31	1291076
02/15/22	220.98	224.26	220.58	222.38	898710
02/14/22	223.87	224	218	219.44	1008260
02/11/2022	222.97	226.415	220.65	222.17	883607
02/10/2022	223.29	228.6	222.185	223.22	1007258
02/09/2022	223.81	226.775	223.12	225.5	1051181
02/08/2022	228.13	229.37	220.44	223.51	1358407
02/07/2022	229.12	229.4	225.73	226.54	1267796
02/04/2022	226.16	230.845	222.69	228.6	1235886
02/03/2022	219	234.2	218.8	227.25	1838451
02/02/2022	225.4	226.57	221.8797	226.47	1836091
02/01/2022	220.33	226.47	219.98	225.53	933687
01/31/22	219.21	221.02	215.8	220.88	1107958
01/28/22	222.21	222.86	214.29	220.99	1083268
01/27/22	227.75	230.095	222.26	224.08	794030
01/26/22	228.16	232.95	224.32	225.85	1564659
01/25/22	221.2	229.12	215.24	226.66	1347818
01/24/22	219.89	224.97	216.93	224	1583986
01/21/22	226.84	227.5	222.75	223.36	983769
01/20/22	231.28	232.5	225.94	226.72	1156541
01/19/22	236.89	237.015	230.31	231.1	1253104
01/18/22	235.79	237.15	232.55	236	1176032
01/14/22	234.2	237.73	232.965	237.54	999870
01/13/22	232.2	238.05	232.2	235.98	782070
01/12/2022	232.52	233.8361	230.08	231.66	762338
01/11/2022	232	233.21	228.51	232.39	1026004
01/10/2022	235.51	236.4	229.4	231.38	1040329
01/07/2022	230	234.995	229.49	234.35	1311924
01/06/2022	229.04	233	227.76	230.19	1062029
01/05/2022	228.25	232.32	226.92	226.95	1494802
01/04/2022	221.53	228.64	220.76	227.91	1020661
01/03/2022	218.71	220.78	218.27	219.53	864035
12/31/21	217.02	219.12	217.02	218.14	668127
12/30/21	219.32	220.57	217.66	217.84	444398
12/29/21	217.45	219.68	217	218.72	559501
12/28/21	215.48	218.85	215.48	217.53	539419
12/27/21	213.41	216.325	213.18	216.21	480708
12/23/21	212.37	214.57	211.29	213.97	649072
12/22/21	212.19	212.59	210.435	210.92	755247
12/21/21	208.62	212.78	208.21	211.76	1038058
12/20/21	208.32	209.09	203.38	206.99	1318316
12/17/21	217.41	217.41	210.16	211.03	2441615
12/16/21	220	220.76	217.245	218.29	945249
12/15/21	218.97	219.59	216.78	218.6	988140
12/14/21	215.36	219.06	215	216.58	975813
12/13/21	217.19	217.96	215.03	216.12	1008496
12/10/2021	221.18	221.5	217.4775	218.1	756694
12/09/2021	219.39	220.42	217.41	219.58	859424
12/08/2021	220	221.45	219.15	220.81	651055
12/07/2021	220.94	222.39	219.44	219.77	768197
12/06/2021	218.77	222.57	217.22	219.27	1187022
12/03/2021	216.81	219.53	215.4	217.03	1231078
12/02/2021	210.38	216.95	209.12	215.89	1589112
12/01/2021	213.27	215.9	209.09	209.12	1447230
11/30/21	215.51	216.42	209.09	209.75	2436355
11/29/21	221	221.0015	216.19	217.27	1114361
11/26/21	220	221	216.73	219.68	696250
11/24/21	227.62	228.95	225.12	225.86	1143829
11/23/21	228.71	229.8	225.94	227.84	1249319
11/22/21	224.84	230.73	222.34	227.98	1327083
11/19/21	227.34	227.475	223.82	223.89	1412867
11/18/21	231.06	231.16	226.88	228.1	914249
11/17/21	235.68	235.68	230.27	231.89	1196431
11/16/21	236.75	238.59	235.28	235.42	1002781
11/15/21	237	237.6897	234.435	236.03	546554
11/12/2021	236.83	237.525	234.04	236.34	754323
11/11/2021	238	238.61	233.77	236.3	656194
11/10/2021	235.85	241.59	234.87	237.71	921592
11/09/2021	237.66	238.8383	233.74	236.2	882606
11/08/2021	238	239.8	235.9	238.06	619456
11/05/2021	236.05	238.57	235.14	237.07	683289
11/04/2021	235.87	238.18	234.53	235.16	739472
11/03/2021	239.51	240.3409	233.5	235.48	1236524
11/02/2021	245.73	245.73	238.56	242.28	1115593
11/01/2021	240.9	247.48	240	245.33	914253
10/29/21	243	243.2573	238.55	239.84	1070264
10/28/21	235.07	242.82	235	242.74	759466
10/27/21	238.65	238.65	234.235	234.85	789374
10/26/21	242.04	242.04	238.9	238.9	750826
10/25/21	239.7	242.98	238.75	241.36	663761
10/22/21	241	242.35	239.17	240.71	660069
10/21/21	242	242.1337	238.98	240.71	522231
10/20/21	240.12	243.22	239.22	242.83	907829
10/19/21	239.09	240.65	237.44	240.12	772558
10/18/21	235.89	237.8094	235.5354	237.04	745823
10/15/21	241.41	241.5	238.03	238.28	673066
10/14/21	232.59	239.58	231.57	238.83	815328
10/13/21	231.07	232.33	227.235	231.54	731884
10/12/2021	232.5	234.12	229.52	230.14	865762
10/11/2021	237.1	237.76	232.29	232.44	978987
10/08/2021	234.43	237.96	233.515	236	623732
10/07/2021	236.87	238.48	234.5	234.86	908823
10/06/2021	231.86	235.01	228.11	234.59	1062395
10/05/2021	225.63	236.21	223.58	234.67	1586645
10/04/2021	228.33	229.2	226.2	227.52	924835
10/01/2021	225.32	229.91	223.75	227.96	772694
09/30/21	231.3	232.32	224.52	224.56	1094286
09/29/21	230.33	232.04	228.27	230.67	686556
09/28/21	230.25	232.295	228.38	229.46	643234
09/27/21	227.56	233.08	227.56	230.25	802126
09/24/21	228	229.9682	227.5001	227.66	755362
09/23/21	223.72	229.15	222.76	228.33	1207639
09/22/21	221.9	225.51	221.37	221.62	869619
09/21/21	221.84	222.52	217.5	219.54	1031078
09/20/21	223.55	224.77	218.275	221.47	1693532
09/17/21	227.87	228.84	226.335	227.69	1986648
09/16/21	234.62	235.6	229.42	229.71	1081379
09/15/21	231.59	236.42	231.5	234.44	860889
09/14/21	236.97	236.97	230.79	231.82	784909
09/13/21	235.79	237.08	233.42	235.61	756185
09/10/2021	234.15	235.36	231.71	233.32	739093
09/09/2021	234.25	235.5	232.305	232.98	783395
09/08/2021	233.07	234.22	231.45	233.68	763606
09/07/2021	238.01	238.235	232.7	233.85	1109176
09/03/2021	237.11	241.3486	236.96	238.57	991798
09/02/2021	235.79	237.77	234.67	236.97	789602
09/01/2021	236.01	237.03	231.2	234.87	975463
08/31/21	238.69	238.86	235.11	235.98	959072
08/30/21	241.09	241.62	237.22	238.69	925731
08/27/21	238.12	241.73	237.01	240.3	1253882
08/26/21	238.4	240.34	236.64	236.98	1118112
08/25/21	236.08	239.69	235.6881	238.47	1016768
08/24/21	233.2	237.09	233.2	236.14	1226246
08/23/21	233.25	236.23	232.36	235.25	1453233
08/20/21	231.05	232.67	230.11	231.67	997986
08/19/21	230.63	232.94	229.73	231.5	1187380
08/18/21	234.53	236.5	233.37	233.58	1085761
08/17/21	237.94	238.06	233.65	235.84	936079
08/16/21	237	239.82	235.59	239.29	810736
08/13/21	239.51	239.79	236.8201	237.72	868263
08/12/2021	242.32	242.8	237.49	239.13	952738
08/11/2021	234.88	242.13	233.75	241.8	1224438
08/10/2021	231.45	235.53	230.2225	233.77	918555
08/09/2021	228.66	231.43	227.7	230.65	774816
08/06/2021	229.85	231.09	228.85	229.08	943029
08/05/2021	232.87	234.25	227.38	228.27	1525355
08/04/2021	231.92	235.39	230.94	231.07	1154554
08/03/2021	229	235.12	227.2	233.05	1864513
08/02/2021	232.81	234.15	228.85	229.06	1220250
07/30/21	232.83	233.47	231.39	232.1	1061668
07/29/21	234.34	234.75	231.03	233.15	1522490
07/28/21	233.36	234.57	230.2	232.02	2063940
07/27/21	236.51	236.92	231.93	233.8	1262512
07/26/21	237.21	238.69	235.69	236.5	762480
07/23/21	239.26	239.26	236.81	237.44	622504
07/22/21	239.64	239.64	236.46	237.44	484501
07/21/21	239.32	241.575	238.28	239.38	678586
07/20/21	234.39	238.72	232.44	237.94	1101789
07/19/21	234.13	235.18	230.26	233.13	918973
07/16/21	243.08	243.34	238.22	238.62	632718
07/15/21	238.35	241.505	238.35	240.12	730895
07/14/21	242.4	242.4	237.78	239.01	871543
07/13/21	243.34	245.44	241.31	241.49	823670
07/12/2021	241.2	243.94	239.6983	243.28	980630
07/09/2021	241.14	243.39	241.07	242.7	789180
07/08/2021	235.29	239.27	234.42	237.48	826887
07/07/2021	234.61	239.28	234.61	238.92	768750
07/06/2021	241.11	241.405	233.1101	236.33	1037398
07/02/2021	242.86	242.9	240.81	241.84	780722
07/01/2021	244.99	245.68	240.91	242.13	1111489
06/30/21	240.49	244.56	240.43	243.81	1010527
06/29/21	243.39	244.02	238.94	239.61	643876
06/28/21	240.85	241.48	238.76	241.27	1131206
06/25/21	240.67	242.72	239.96	240.85	1055529
06/24/21	239	240.9017	237.52	239.11	997412
06/23/21	237.6	239.19	235.241	238	855927
06/22/21	237.29	238.469	235.48	237.01	899676
06/21/21	235.56	239.24	235.46	235.89	991528
06/18/21	232.83	236.42	230.85	233	2973889
06/17/21	246.23	247.7401	234.88	237.33	2095912
06/16/21	248.89	249.72	245.46	246	929158
06/15/21	249.22	250.42	247.875	250.1	720568
06/14/21	249.28	250.18	246.87	248.44	1109556
06/11/2021	253.25	254.58	249.09	250	1682841
06/10/2021	258.2	259.13	251.445	252.24	1168416
06/09/2021	258.66	260.015	256.68	256.77	656549
06/08/2021	259.01	260.36	256.07	259.92	735662
06/07/2021	264.51	264.64	257.8	259.22	1094493
06/04/2021	261.48	265.09	261.19	264.22	660467
06/03/2021	258.78	263.32	257.87	260.97	931071
06/02/2021	261.76	262.255	258.75	259.85	754517
06/01/2021	261.49	263.55	260.055	261.76	1035915
05/28/21	259.95	260	256.35	257.28	867750
05/27/21	258.51	259.9	256.2224	259.2	2363471
05/26/21	254.4	255.69	252.85	255.1	906402
05/25/21	256.53	257.29	253.89	254.35	885817
05/24/21	257.91	259.31	255.48	255.53	629423
05/21/21	256.16	258.76	255.41	256.79	777339
05/20/21	258.98	259.47	254.68	255.17	1104704
05/19/21	255.3	259.34	252.78	259.24	1044009
05/18/21	264.86	265.315	259	259.09	939507
05/17/21	270	270.84	265.08	266.32	952712
05/14/21	265.28	266.32	263.185	265.67	556787
05/13/21	257.86	264.78	257.586	262.93	710856
05/12/2021	265.86	266.8	257.14	257.67	1029815
05/11/2021	268.74	269	261.79	264.78	922129
05/10/2021	268.63	273.65	268.05	270.74	960081
05/07/2021	264.59	266.96	261.61	266.39	1005479
05/06/2021	262.57	265.93	261.62	265.93	988460
05/05/2021	256.25	262.42	253.86	260.97	1033742
05/04/2021	252.74	256.77	247.03	255.61	1422597
05/03/2021	254	255.56	251.7	253.62	950433
04/30/21	255.55	255.55	251.82	252.04	788102
04/29/21	256.13	256.86	253.62	256.78	677092
04/28/21	257.89	259.09	254.37	255.38	1037019
04/27/21	258.71	260.07	255.71	257.83	1140148
04/26/21	263.25	264.81	258.93	259.05	1010482
04/23/21	261.36	263.95	261.36	262.47	680023
04/22/21	264.23	264.67	260.91	261.12	643802
04/21/21	259.1	263.67	257.11	263.07	897457
04/20/21	262.81	262.81	258.39	259.98	869968
04/19/21	263.76	264.43	260.45	262.81	989805
04/16/21	264.61	266.05	261.57	264.35	1906558
04/15/21	262.34	264.41	260.38	261.96	934129
04/14/21	262	264.3	260.29	261.42	1044973
04/13/21	261.23	261.23	256.95	260.42	1245955
04/12/2021	260.22	261.51	258.11	261.23	849665
04/09/2021	258.78	259.93	256.34	259.38	995204
04/08/2021	257.53	258.4399	255.22	256.94	1144692
04/07/2021	260.22	261.7148	256.35	258.17	772442
04/06/2021	261.82	265.96	259.685	260.16	901094
04/05/2021	260.29	262.13	258.8	261.52	939334
04/01/2021	259.4	260.07	256.2	257.72	1248022
03/31/21	264.64	265.96	259.08	259.11	1130346
03/30/21	260.87	265.9	260.87	263.52	869619
03/29/21	260	265	260	260.84	943191
03/26/21	262.99	263.41	259.4862	262.42	775330
03/25/21	257.93	262.13	253.54	261.18	857667
03/24/21	257.19	261	257.19	257.7	917456
03/23/21	259.26	262.47	254.64	255.5	1347171
03/22/21	266.42	266.78	261.03	263.48	1226832
03/19/21	267.2	268.94	262.54	265.9	2544382
03/18/21	269.7	274.76	267.25	268.26	984015
03/17/21	268.32	270.67	265.95	269.64	768011
03/16/21	276.06	277.09	265.27	266.92	1292817
03/15/21	273.37	276	271.94	275.99	937479
03/12/2021	270.39	274.48	269.98	273.92	796743
03/11/2021	272.81	273.81	269.43	269.8	888782
03/10/2021	268.27	274.06	266.68	273.13	1017640
03/09/2021	269.87	273.088	266.51	266.67	875072
03/08/2021	268.99	273.3	266.915	268.81	1139552
03/05/2021	261.18	267.33	258.05	265.86	1305839
03/04/2021	268.29	268.29	254.85	258.61	1198762
03/03/2021	257.6	264.44	257.32	261.67	1210256
03/02/2021	262.02	262.71	255.68	257.68	892562
03/01/2021	256.25	265.15	256.25	262.98	1142742
02/26/21	255.74	256.64	251.81	253.2	852325
02/25/21	258.26	259.54	253.9	255.53	957253
02/24/21	252.31	260.26	251.62	259.12	1120734
02/23/21	250.12	252.88	246.3142	250.9	1095753
02/22/21	245.36	250.17	245.36	249.27	860752
02/19/21	243.24	248.55	242.34	246.76	1026919
02/18/21	239.5	241.693	237.72	241.67	1068396
02/17/21	244.23	245.81	238.85	241.81	854175
02/16/21	244.47	247.565	243.26	244.48	822920
02/12/2021	243.53	244.45	239.8917	243.97	758830
02/11/2021	245.12	246.46	238.45	243.21	970969
02/10/2021	247.04	248.63	242.66	245.11	986449
02/09/2021	239.23	246.11	237.49	244.98	1425008
02/08/2021	237.05	238.76	234	238.61	1349309
02/05/2021	233.41	234.115	228.21	229.63	1463102
02/04/2021	235.11	238.99	229.12	232.08	1346527
02/03/2021	234	236.5	231.98	235.54	972832
02/02/2021	233.81	237.44	230.5	233.9	1119787
02/01/2021	236.78	238.505	230.93	232.97	1070725
01/29/21	240.9	241.82	232.54	234.42	1148149
01/28/21	240.94	247.54	240.01	242.2	906097
01/27/21	242.77	244.46	237.665	239.1	1480359
01/26/21	247.29	248.37	245.56	246.82	869961
01/25/21	246.23	250.155	244.76	246.54	1049456
01/22/21	247.08	248.3222	242.45	247	1098104
01/21/21	237.59	254.13	236.11	248.03	2659119
01/20/21	239.46	239.46	235	236.53	1172802
01/19/21	240.28	241.44	236.935	238.36	1095355
01/15/21	239.31	239.31	233.28	237.24	1823065
01/14/21	241.57	244	241.1	241.33	781793
01/13/21	242.08	243.15	239.79	240.87	1032566
01/12/2021	236.75	242.69	236.535	242.03	1037660
01/11/2021	232.73	238.39	231.64	236.68	1083799
01/08/2021	240.16	241.25	231.3	234.31	1455814
01/07/2021	235.89	239.76	234.15	239.21	1351374
01/06/2021	223.84	236.25	223.75	233.59	1366134
01/05/2021	220.6	223.93	220.6	221.63	1297393
01/04/2021	227.68	229.1491	219.75	221.37	999213
12/31/20	224.91	227.29	223.85	227.1	480380
12/30/20	223.88	225.88	223.475	224.99	390596
12/29/20	224.41	225.275	220.77	222.69	563411
12/28/20	227.91	228.68	223.96	224.14	406991
12/24/20	225.29	226.7	224.0384	226.53	197340
12/23/20	223.23	225.73	222.04	224.22	561220
12/22/20	224.47	225.5	222.65	223.54	944675
12/21/20	220.23	226.015	219.6	224.72	655255
12/18/20	224.07	225.15	221.45	224.31	1791816
12/17/20	223.86	225.28	221.44	223.43	774024
12/16/20	223.93	224.4	221.43	222.82	840450
12/15/20	218.54	225.5	218.54	224.04	1264445
12/14/20	220.68	221.74	216.41	216.41	1033593
12/11/2020	218.39	220.33	217.4	218.66	1137453
12/10/2020	223.04	223.504	219.22	219.55	1166212
12/09/2020	221.32	224.86	219.8	224.19	1426301
12/08/2020	218.82	222.72	218.82	221.04	1159039
12/07/2020	220	220.62	216.54	219.09	1660863
12/04/2020	220.7	222.4652	219.16	219.93	1544848
12/03/2020	227.51	228.375	219.3	220.34	1923159
12/02/2020	229.38	231	227.08	227.18	1067891
12/01/2020	234.65	235.85	229.75	230.36	1229669
11/30/20	228.72	232.2	226.25	231.17	2607973
11/27/20	231.5	232.2	228.54	229.03	538341
11/25/20	235.16	235.16	229.78	230.39	896418
11/24/20	236.54	237.455	233.41	234.66	1374425
11/23/20	232.86	236.41	232.405	235.22	1091537
11/20/20	232.05	232.95	228.596	230.65	1087369
11/19/20	229.78	233.71	227.65	233.14	872594
11/18/20	231.68	235.78	231.25	233.46	987755
11/17/20	230.93	232	227.35	231.08	952446
11/16/20	240	240	228.58	231.86	1313965
11/13/20	234.79	236.87	233.82	236.55	859213
11/12/2020	233.71	235.02	230.23	233.14	974211
11/11/2020	234.89	235.65	230.5	234.9	973335
11/10/2020	229.29	235.34	228.55	233.86	909560
11/09/2020	240	244.67	228.95	228.97	1435533
11/06/2020	230.15	232.74	228.57	229.05	724395
11/05/2020	226.16	232.595	225.68	229.57	757706
11/04/2020	229.86	230.76	221.13	222.8	1154788
11/03/2020	230.4	233.02	229.13	232.03	1077898
11/02/2020	223.07	228.1858	222.4	227.68	1285481
10/30/20	216.05	219.98	214.3201	219.89	1092360
10/29/20	214.03	219.49	212.8	217.44	1057186
10/28/20	214.8	218.91	213.2	213.59	1327858
10/27/20	230.92	231.35	219.61	219.78	1755725
10/26/20	223.18	223.8	218.06	220.68	907919
10/23/20	224.77	227.51	223.975	226.28	1041333
10/22/20	222.75	225.76	222.48	223.59	862480
10/21/20	223.16	226.625	221.94	222.25	835282
10/20/20	222.87	224.78	221.52	222.27	850368
10/19/20	223.35	224.87	220.35	221.15	679723
10/16/20	224.39	227.15	222.1	222.8	1227869
10/15/20	219.26	223.42	218.31	222.45	737249
10/14/20	222	224.31	220.81	221.77	851875
10/13/20	220.95	221.75	217.21	220.45	621434
10/12/2020	224.46	224.5028	220.89	221.75	715856
10/09/2020	222.9	225.84	221.36	223.32	931311
10/08/2020	222.09	222.5685	218.51	221.01	752303
10/07/2020	219.07	223.6	218.76	221.52	723058
10/06/2020	218.33	220.815	215.65	216.33	1143005
10/05/2020	213.22	219.8	212.25	217.85	1258304
10/02/2020	203.67	212.61	203.51	210.34	1003720
10/01/2020	212.89	213.09	205.145	207.04	1095273
09/30/20	213.86	217.26	209.49	211.16	1349323
09/29/20	213.48	214.185	210.61	212.9	740559
09/28/20	211	214.4	210.56	212.79	874917
09/25/20	205.07	210.13	204.64	208.63	979880
09/24/20	202.53	208.42	199.7	205.42	730488
09/23/20	206	207.885	202.45	203.01	840549
09/22/20	203.77	206.23	202.26	204.28	876334
09/21/20	208.1	209.045	202.045	203.87	888801
09/18/20	209.69	214.1	209.61	211.9	1904815
09/17/20	207.48	214.8	206.35	210.44	1016577
09/16/20	212.29	213.7	209.23	209.6	1020446
09/15/20	211.76	213.98	210.11	210.13	737758
09/14/20	209.14	211.88	208.21	210.58	743078
09/11/2020	207.66	211.325	207.28	207.91	913268
09/10/2020	211.46	211.46	204.85	207.16	1129247
09/09/2020	206.19	213.81	205.51	212.07	1085662
09/08/2020	205.67	207.4	202.23	204.06	1363084
09/04/2020	206.66	208.45	202.88	204.36	927908
09/03/2020	212.51	213.71	202.8218	204.56	1040991
09/02/2020	211.52	213.62	211.52	212.84	1045984
09/01/2020	207.75	211.4993	206.12	211.06	1026262
08/31/20	208.61	209.07	206.85	207.25	720724
08/28/20	208.45	209.4225	206.63	208.72	408820
08/27/20	210	210.5532	206.71	207.67	637691
08/26/20	209.65	210.38	207.7	209.15	594779
08/25/20	212.27	213.6859	209.57	210.06	629422
08/24/20	210.56	211.935	209.6564	211.12	525800
08/21/20	208.24	210.51	207.24	209.03	726979
08/20/20	208.91	209.77	207.31	209	680404
08/19/20	209.54	212.77	209.27	211.17	904461
08/18/20	211	212.63	209.49	209.91	869791
08/17/20	214.24	214.885	210.218	210.46	955755
08/14/20	209.98	215.43	209.22	213.51	943049
08/13/20	211.78	211.91	209.2878	210.23	844636
08/12/2020	213.49	214.32	211.4	213.2	847483
08/11/2020	211.49	215	211.11	212.04	1528408
08/10/2020	199.5	210.67	199.5	210.17	1425036
08/07/2020	196.01	199.3	195	199.27	766846
08/06/2020	197.64	198.335	195.68	196.22	827408
08/05/2020	194.87	198.9	194.23	198.34	978829
08/04/2020	194.7	196.1	192.92	193.01	803433
08/03/2020	193.96	197.39	192.74	195.31	904049
07/31/20	193.49	193.82	189.935	193.26	994753
07/30/20	196.55	196.97	192.34	194.48	769876
07/29/20	198	199.92	194.24	198.88	1548899
07/28/20	195.49	204.98	194.84	195.02	2560670
07/27/20	188.19	191.86	186.95	190.96	1176713
07/24/20	190.28	190.71	187.2	188.24	902183
07/23/20	190.25	192.31	189.21	189.94	949284
07/22/20	185.34	190.44	185.05	190.26	1201972
07/21/20	181.45	187.17	181.28	186.18	1142549
07/20/20	182.37	182.48	179.1606	180.3	832789
07/17/20	184.35	184.85	182.4	183.11	852965
07/16/20	181.22	184.85	180.46	183.73	923905
07/15/20	179.61	183.1883	179.61	181.72	1209755
07/14/20	174.38	178.66	173.07	178.31	873534
07/13/20	175.19	176.59	173.44	174.38	822355
07/10/2020	172.41	173.96	171.76	173.8	736334
07/09/2020	174.41	174.99	171.3	172.17	947009
07/08/2020	175.64	176.4	172.77	174.04	812071
07/07/2020	176.27	178.43	175.1	175.57	2138440
07/06/2020	177.04	179.66	176.22	178.16	1046927
07/02/2020	173.51	176.284	172.5414	173.45	792910
07/01/2020	174.1	174.7799	170.75	170.95	838941
06/30/20	171.87	174.54	170.77	173.26	1274807
06/29/20	170.66	173.84	170.19	173.07	1214714
06/26/20	168.95	169.2977	167.05	168.75	1631599
06/25/20	165.59	169.94	163.66	169.71	1245055
06/24/20	170.46	170.47	165.68	166.61	1136520
06/23/20	174.35	174.64	171.77	172.43	826190
06/22/20	172.64	173.27	169.83	171.99	1032599
06/19/20	174.15	174.81	169.85	174.29	2750935
06/18/20	171.17	172.97	169.88	171.23	860127
06/17/20	172.2	173.26	170.32	171.42	1084133
06/16/20	175.75	176.33	168.81	171.35	1177788
06/15/20	161.73	169.54	160.61	169.14	967722
06/12/2020	171.56	171.56	161.92	167.08	1430127
06/11/2020	170.03	170.505	166.13	166.37	1255575
06/10/2020	181.4	181.93	176.15	176.21	2189342
06/09/2020	180.95	183.47	179.36	181.75	1245538
06/08/2020	178.9	184.94	178.9	183.9	1353562
06/05/2020	179.47	181.51	176.84	180.01	1795509
06/04/2020	172.66	175.345	172.66	174.81	906520
06/03/2020	173.77	176.81	173.02	174.96	1557877
06/02/2020	170.19	171.94	169.29	171.47	1156300
06/01/2020	169.49	173.32	168.6972	169.83	1283967
05/29/20	168.21	171.0194	167.49	169.6	2755247
05/28/20	173.02	173.25	169.15	169.79	1667449
05/27/20	170.71	172.75	170.05	171.63	1659188
05/26/20	159.49	168.39	158.92	167.11	2048356
05/22/20	157.58	157.63	154.67	155.04	1209161
05/21/20	159.85	160.545	157.18	157.55	950917
05/20/20	159.64	163.5	158.75	161.84	1069300
05/19/20	161.25	162.39	157.64	157.79	1277607
05/18/20	160.93	164.8	160.68	162.03	1761395
05/15/20	154.38	156.92	153.31	155.64	2119560
05/14/20	145.32	155.82	143.32	155.51	1857293
05/13/20	152.56	153.27	146.88	147.68	1387787
05/12/2020	159.1	160.995	153.5307	153.61	1559240
05/11/2020	158.72	162.36	158.02	161.81	1123897
05/08/2020	158.03	162	158.03	161.29	896404
05/07/2020	156.6	157.97	154.91	155.72	977585
05/06/2020	154.51	155.35	152.79	153.65	730277
05/05/2020	155.8	158.59	153.76	153.83	783793
05/04/2020	155.68	156.69	152.62	153.96	955444
05/01/2020	160.01	160.01	154.83	157.43	1194475
04/30/20	159.16	164.16	159.13	163.5	1383199
04/29/20	165.89	168.24	163.08	165.2	1502673
04/28/20	161.8	167.56	159.12	161.08	2201269
04/27/20	148.33	151.95	147.5	151.44	1049060
04/24/20	146.81	147.815	144.51	147.77	600897
04/23/20	145.55	148.88	144.855	145.43	756956
04/22/20	145.45	146.35	143.45	144.93	785378
04/21/20	144	144.05	140.93	142.38	1480207
04/20/20	147.91	148.2	145.7	146.1	1576138
04/17/20	149.3	150.68	147.29	149.18	1300998
04/16/20	146	146.18	143.07	145.04	1253470
04/15/20	144	145.55	142.11	145.46	1530536
04/14/20	149.4	150.745	145.37	148.14	1433986
04/13/20	150.04	150.69	144.34	146.45	934050
04/09/2020	152.52	154.3	148.83	150.7	1133528
04/08/2020	147.28	150.59	144.53	149.56	1152565
04/07/2020	147.91	149.53	144	145.84	1580356
04/06/2020	138.62	144.74	137.73	142.12	2064170
04/03/2020	132.07	135.005	129.46	132.27	1588859
04/02/2020	128.89	134.225	127.61	132.76	1325720
04/01/2020	129.77	131.66	127.3	130.39	1160512
03/31/20	133.52	138.41	131.39	135.32	1581971
03/30/20	132	136.87	131.2	134.48	1234131
03/27/20	127.55	135.44	127.55	131.66	1267784
03/26/20	131.51	135.87	125.5873	134.96	1534344
03/25/20	126.05	132.13	121.82	127.77	2242372
03/24/20	110.96	124.77	108.94	124.49	2491591
03/23/20	114.35	114.98	101.025	102.76	2155178
03/20/20	120.91	122.17	115.16	116.48	2114524
03/19/20	121.85	122.487	115	118.55	1756416
03/18/20	127.45	131.92	117.79	123.47	1879540
03/17/20	133.74	137.81	128.74	136.8	2616136
03/16/20	124.91	136.24	122.95	131.45	1922998
03/13/20	135.82	137.92	129.5	136.84	2252431
03/12/2020	132.54	135.33	127.07	129.09	2288936
03/11/2020	141.9	145.08	139.5	141.07	2210729
03/10/2020	144.18	145.8	137.99	145.63	2517760
03/09/2020	138.2	141.325	136.565	139.27	2356089
03/06/2020	144.68	149.13	144.2	148.6	1757855
03/05/2020	152.02	153.63	147.465	148.66	1537085
03/04/2020	154.5	157.34	153.495	156.44	1593466
03/03/2020	155.17	159.31	151.335	152.15	1744300
03/02/2020	151.56	155.94	149.01	155.66	1794376
02/28/20	149.68	152	146.98	151.29	2158615
02/27/20	155.22	160.37	151.93	154.46	1855725
02/26/20	162.79	163.9	157.64	157.97	1499100
02/25/20	163.72	164.3251	160.29	161.01	1995270
02/24/20	162.33	163.81	161.21	162.78	1551511
02/21/20	165.96	167.53	163.56	167.46	1139773
02/20/20	166.1	169.71	165.06	167.12	1019464
02/19/20	166.06	168.22	166.06	167.84	1560787
02/18/20	165.93	167.1	164.375	166.06	1325032
02/14/20	166.17	166.9	164.88	166.78	976369
02/13/20	168.7	170.11	165.79	166.1	1266742
02/12/2020	165.54	168.42	164.92	168.04	1163907
02/11/2020	163.1	165.22	163.1	164.3	864010
02/10/2020	160.25	162.71	160.11	162.23	1057911
02/07/2020	164.44	164.92	160.4	160.8	1361136
02/06/2020	168.64	168.65	164.88	165.95	1127504
02/05/2020	162.7	166.59	162.04	166.43	1410888
02/04/2020	167	168.64	160.84	161	2826191
02/03/2020	161.31	164.47	160.33	162.89	2248598
01/31/20	163.47	163.96	158.18	159.97	2721492
01/30/20	164.16	166.33	163.7336	166.1	979836
01/29/20	167.27	167.39	165.64	165.69	1249597
01/28/20	166.21	166.96	164.99	166.08	920822
01/27/20	165.41	166.38	164.45	164.77	1184153
01/24/20	171.6	171.735	167.77	169.15	933807
01/23/20	169.76	171.88	167.42	171.66	976410
01/22/20	171.74	172.05	169.365	170.11	941190
01/21/20	173.11	173.2231	170.5	171.07	1277441
01/17/20	175.88	177.29	172.98	173.8	2181589
01/16/20	173.53	175.435	172.97	175.26	1034033
01/15/20	171	172.75	170.6897	172.61	997106
01/14/20	174.97	175.2995	172.17	172.4	1132986
01/13/20	171.88	172.77	170.92	172.49	972175
01/10/2020	174.24	174.31	171.32	171.43	1153596
01/09/2020	174.76	175.31	171.37	173.52	1199822
01/08/2020	174.17	175.42	173.08	174.35	896792
01/07/2020	174.08	174.8371	171.65	174.26	1437426
01/06/2020	175.56	175.56	173.16	174.13	1253904
01/03/2020	177.18	177.18	174.38	176.81	1017606
01/02/2020	180.02	180.875	177.4	179.32	1206548
12/31/19	179.28	179.83	177.98	178.96	735797
12/30/19	180.63	180.805	178.83	179.16	560092
12/27/19	181.88	182.62	180.47	180.7	747893
12/26/19	181.55	181.95	180.66	181.42	501681
12/24/19	181.6	181.94	180.91	181.16	276738
12/23/19	181.13	182.27	180.5	181.42	821502
12/20/19	181.1	181.95	179.24	181.11	2285885
12/19/19	181.14	181.44	178.11	179.3	1058213
12/18/19	182.62	182.62	179.42	180.8	1162311
12/17/19	181.93	182.91	181.24	182.27	819397
12/16/19	181.74	184.015	181.68	181.81	1104695
12/13/19	183.84	185.86	181.51	182.48	976827
12/12/2019	181.55	185.64	180.51	184.88	1195995
12/11/2019	181.79	182.4853	180.35	182.11	958957
12/10/2019	180.36	181.01	178.715	179.65	936573
12/09/2019	180.38	181.3	179.36	181.04	710087
12/06/2019	181.14	182.185	180.32	180.41	713335
12/05/2019	178.44	179.36	177.6	178.72	899914
12/04/2019	178.97	180.67	178.02	178.04	957351
12/03/2019	178.7	178.7	175.39	178.1	1060996
12/02/2019	183.39	184.63	181.1	181.26	940187
11/29/19	183.62	184	182.46	182.86	455241
11/27/19	185.04	185.185	182.89	184.81	896584
11/26/19	184.08	185.14	182.93	185.04	917636
11/25/19	181.2	184.09	179.71	184.02	1412649
11/22/19	181.24	181.4	178.74	180.15	1051984
11/21/19	180.1	182.37	179.5709	180.82	937870
11/20/19	182.35	182.69	179.5737	180.62	1036355
11/19/19	184.26	184.37	181.27	182.96	1916661
11/18/19	182.2	183.68	180.78	183.46	838345
11/15/19	182.5	184.45	181.63	184	1088188
11/14/19	180.38	181.82	179.6644	180.84	748696
11/13/19	181.3	181.85	179.82	180.69	961225
11/12/2019	186.29	186.5	183.735	184.09	1130359
11/11/2019	185.02	186.62	184.87	186.44	905958
11/08/2019	183.98	186.725	182	186.27	1249382
11/07/2019	182.82	184.52	182.09	182.53	1665655
11/06/2019	179.08	181.42	176.57	181.39	1217652
11/05/2019	179.31	181.53	179	179.93	1047295
11/04/2019	178.45	179.555	176.67	179.18	1357645
11/01/2019	173.68	176.57	172.32	176.57	1963625
10/31/19	174.08	174.59	169.91	172.48	1391356
10/30/19	177.24	177.77	172.76	174.59	1884621
10/29/19	174.64	179.63	173.65	177.12	2666945
10/28/19	180.01	180.56	178.07	180.03	1404464
10/25/19	175.72	179.18	175.58	178.52	1303293
10/24/19	175.66	175.72	173.39	175.43	914633
10/23/19	174.03	175.31	172.88	175.19	977218
10/22/19	172.34	175.5	170.1141	175.1	1293866
10/21/19	171.64	172.86	170.7	171.32	978251
10/18/19	167.85	170.88	167.24	170.28	1223602
10/17/19	167.31	168.56	166.27	167.64	649574
10/16/19	166.2	168.45	165.81	166.18	894582
10/15/19	163.14	167.44	162.21	166.35	1077998
10/14/19	159.9	163.9	157.8509	163.76	872661
10/11/2019	160.31	165	160.31	162.76	1343530
10/10/2019	155.69	158.6	155.19	157.05	812160
10/09/2019	154.82	156.02	153.52	155.01	793722
10/08/2019	154.49	155.2225	152.55	153.14	1031443
10/07/2019	157.07	158.339	155.86	156.5	836109
10/04/2019	154.81	158.13	154.81	157.86	977177
10/03/2019	153.65	155.04	151.15	154.99	1450989
10/02/2019	155.45	157	153.65	154.12	1250315
10/01/2019	164.02	165.35	157.0338	157.54	1310945
09/30/19	161.2	163.7299	160.65	162.67	990472
09/27/19	161.06	161.73	159.27	161.3	1002321
09/26/19	161.42	162.25	159.4	159.95	891930
09/25/19	160.12	162.5	159.0912	161.37	1507819
09/24/19	163.22	163.55	159.82	160.61	1428312
09/23/19	160.43	163.51	160.2	162.19	1328142
09/20/19	162.06	163.93	161.13	161.57	3626452
09/19/19	162.9	164.06	161.57	162.02	783920
09/18/19	162.19	162.81	160.11	162.35	1078366
09/17/19	163	163.44	161.31	163.02	1351598
09/16/19	163.87	165.4035	163.46	163.7	1126848
09/13/19	166.17	167.345	164.88	165.11	1058488
09/12/2019	165.34	166.41	162.865	165.05	984530
09/11/2019	163.5	165.5	160.6	165.49	1254710
09/10/2019	161.27	165.47	160.68	163.99	1836893
09/09/2019	155.32	160.99	155.1	160.82	1704801
09/06/2019	155.01	156.19	153.87	154.9	1124800
09/05/2019	151.06	156.16	150.55	154.66	1563596
09/04/2019	148	149.15	147.5	148.97	975202
09/03/2019	147.62	148.22	144.12	145.91	1268889
08/30/19	150.25	151.18	148.75	149.27	939514
08/29/19	147.34	149.75	147.07	149.1	1368360
08/28/19	142.63	145.88	141.53	145.6	1169166
08/27/19	144.47	144.94	142.8	142.8	1171119
08/26/19	143.66	143.91	141.52	143.14	1197764
08/23/19	145.59	146.23	141.14	142.02	1533186
08/22/19	148.28	149.42	145.65	146.68	1021309
08/21/19	147.91	149.41	147.16	147.76	1014041
08/20/19	147.64	147.845	145.77	146.21	1150511
08/19/19	151.64	152.15	148.7226	149.04	2291166
08/16/19	147	150.255	147	149.25	1237818
08/15/19	144.99	146.43	144.05	146.03	1505556
08/14/19	148.28	148.99	144.13	144.49	1839191
08/13/19	147.5	154.265	147.31	151.07	1414202
08/12/2019	149.41	150.17	147.2	148.16	1089012
08/09/2019	152.74	153.25	148.41	149.96	1396020
08/08/2019	152.86	154.38	152.3	153.72	1240645
08/07/2019	151.73	153.78	149.39	152.26	1478289
08/06/2019	152.51	154.42	151.29	154.4	1223495
08/05/2019	155.57	156.22	150.01	151.43	2317869
08/02/2019	158.6	159.6	157.05	158.68	1317108
08/01/2019	163.88	165.24	158.6715	159.73	1435516
07/31/19	164.76	166.8	162.06	164	1907057
07/30/19	162.5	166.51	162.33	165.17	2355502
07/29/19	174.86	175.43	173.3	173.97	1194329
07/26/19	174.2	175.28	173.14	174.74	855240
07/25/19	175.02	175.54	172.95	174.96	940890
07/24/19	172.34	175.91	171.55	175.37	1026490
07/23/19	171.49	173.55	170.69	173.37	1144457
07/22/19	173.27	173.665	170.39	170.73	1038509
07/19/19	168.98	175.18	168.665	172.8	1904617
07/18/19	169.11	169.7	166.65	167.94	959122
07/17/19	172.09	172.22	169.04	169.29	1075272
07/16/19	170.01	172.6	169.315	172.35	750194
07/15/19	171.58	172.355	169.92	171.12	650502
07/12/2019	169.68	172.09	169.65	171.09	1254163
07/11/2019	168.4	168.9	166.09	168.86	951541
07/10/2019	168	169.1	167.03	167.4	827069
07/09/2019	167.83	168.455	166.1	167.29	1231468
07/08/2019	168.99	170	168.255	169.06	996260
07/05/2019	168.96	169.65	165.77	169.15	829189
07/03/2019	171.71	172.01	168.89	170.24	756702
07/02/2019	171.06	171.625	169.255	170.2	1164891
07/01/2019	173	173.7718	170.24	172.86	2385825
06/28/19	169.03	171.44	168.541	171.34	2680523
06/27/19	169.31	169.86	166.86	168.25	705552
06/26/19	169.7	170.18	168.61	168.91	831617
06/25/19	170.7	170.7	167.93	168.85	1987479
06/24/19	170.22	171.309	169.34	170.16	1163065
06/21/19	171.42	171.6	169.5	169.96	1713552
06/20/19	170	171.84	168.78	171.6	1556615
06/19/19	166.77	168.18	165.965	167.95	1064291
06/18/19	163.09	168	163.09	166.84	1031884
06/17/19	163.93	164.15	161.97	162.28	787051
06/14/19	164.21	164.21	161.5553	163.86	958632
06/13/19	163.52	164.41	162	164.36	836673
06/12/2019	164.08	164.16	162.17	163.07	1068939
06/11/2019	165.18	167.26	164.02	164.21	1062647
06/10/2019	163.1	164.84	162.445	163.08	885107
06/07/2019	161.4	163.02	160.01	161.95	803420
06/06/2019	159.12	161.2225	158.61	160.77	983802
06/05/2019	157.71	159.66	154.97	159.55	1515459
06/04/2019	154.35	156.36	152.9	156.34	1743444
06/03/2019	150.9	153.94	150.78	152.36	1653094
05/31/19	154.9	155.24	150.48	150.76	1640757
05/30/19	158.82	159.97	157.86	158.53	1063512
05/29/19	157.59	159.14	156.24	157.91	1076804
05/28/19	160.34	161.67	158.68	158.7	1596090
05/24/19	160.47	161.52	159.29	159.92	935770
05/23/19	159.21	160.195	157.74	159.25	1282964
05/22/19	163.9	164.46	162.64	163.5	1095162
05/21/19	162.4	164.53	162.35	164.24	1098080
05/20/19	158.56	161.34	158.56	161.18	1133469
05/17/19	160.8	161.11	158.84	159.24	1109412
05/16/19	162.47	163.33	161.9	162.51	836860
05/15/19	159.8	161.96	157.92	161.42	1036511
05/14/19	159.45	161.26	158.52	160.76	1232085
05/13/19	162.41	162.41	158.06	158.89	1436525
05/10/2019	164.6	165.75	161.29	165.39	928894
05/09/2019	163.26	165.5	161.44	165.34	1373709
05/08/2019	165.47	166.79	164.265	165.35	755373
05/07/2019	165.97	166.85	163.98	165.61	1183956
05/06/2019	165.64	167.84	164.15	167.6	1165718
05/03/2019	166.53	169.28	166.18	169.19	1296699
05/02/2019	165.23	166.6	163.8	166.17	1208415
05/01/2019	166.51	168.45	164.97	165.47	1327035
04/30/19	167.54	169.45	163.83	166.29	1885115
04/29/19	163.65	164.38	162.72	164.14	1498642
04/26/19	162.7	163.53	161.82	163.34	1223134
04/25/19	165.04	165.77	161.68	162.14	970454
04/24/19	166.43	167.93	165.5	166.17	699112
04/23/19	166	167.42	164.6	166.81	1205998
04/22/19	167.05	167.06	165.42	165.96	755592
04/18/19	166.45	168.22	166	167.84	1511561
04/17/19	168.13	169.365	165.745	165.96	979914
04/16/19	166.62	167.76	165.1	167.22	970043
04/15/19	166.08	166.67	164.56	164.97	1587138
04/12/2019	165.6	166.8	164.705	166.07	991030
04/11/2019	162.68	165	162.08	164.56	613759
04/10/2019	162.32	163.2	161.24	162.54	545829
04/09/2019	162.16	162.86	160.26	161.71	911339
04/08/2019	163	163.555	162.16	163.19	534256
04/05/2019	163.5	164.43	162.93	163.27	948632
04/04/2019	160.95	163.64	160.43	163.43	801639
04/03/2019	162.19	162.7675	160.97	161.45	640748
04/02/2019	162.51	163.79	161.625	161.83	986416
04/01/2019	159.68	162.6	159.3501	162.33	1436579
03/29/19	157.25	157.94	156.39	157.87	1379558
03/28/19	155.9	156.85	155.24	155.99	1199921
03/27/19	156.47	156.5294	154.87	155.55	1371634
03/26/19	157.59	158.3399	155.7065	156.27	981282
03/25/19	155.5	156.74	155.39	156.45	898297
03/22/19	157.64	157.805	154.94	155.63	1348382
03/21/19	157.09	159.2	157.09	158.62	711934
03/20/19	159.48	159.7739	156.37	157.76	1462028
03/19/19	161.22	162.34	159.56	160.11	1498737
03/18/19	157.7	160.61	157.5918	160.55	1340124
03/15/19	157.11	158.09	156.55	157.41	3532801
03/14/19	156.73	157.83	156.3	157.11	1707505
03/13/19	159	159	156.65	156.96	1798192
03/12/2019	158.45	158.8897	157.25	158.42	1924782
03/11/2019	154.59	158.24	154.11	158.04	1606161
03/08/2019	152.76	155.2	152.74	154.57	1402528
03/07/2019	153.9	155.08	151.88	154.29	1333713
03/06/2019	154.45	155.42	153.83	154.52	1070815
03/05/2019	154.45	156.18	154.45	154.49	1032584
03/04/2019	155.51	156.13	153.32	155.04	1142642
03/01/2019	155.22	155.905	153.758	154.41	1496053
02/28/19	154.98	154.98	153.71	154.09	1002326
02/27/19	155.72	156.18	154	155.36	1132422
02/26/19	154.83	157.04	154.03	155.31	1664322
02/25/19	156.9	157.17	155.21	156.08	978808
02/22/19	154.56	156.23	154.12	155.44	1384318
02/21/19	153.49	155.34	152.97	154.07	1163924
02/20/19	154.11	155.87	152.79	155.39	1497882
02/19/19	155.08	155.31	153.46	153.66	1820195
02/15/19	152.32	155.5	151.74	155.47	1350223
02/14/19	151.58	152.43	151	151.39	810561
02/13/19	152.44	153.47	151.42	152.71	1137725
02/12/2019	149.11	152.16	148.98	151.79	1129094
02/11/2019	148.16	149.11	147.44	148.18	1272192
02/08/2019	148.41	149.26	146.525	148.28	891161
02/07/2019	149.41	150.74	148.4	149.62	1141638
02/06/2019	147.47	150.97	146.24	149.35	2116542
02/05/2019	148.48	149.92	147.325	149.82	1674774
02/04/2019	146.88	148.82	145.91	148.75	1345743
02/01/2019	147.22	147.8	145.8	146.71	1502168
01/31/19	146.17	147.32	144.75	147.11	1651712
01/30/19	147.74	147.79	144.24	146.36	1158350
01/29/19	144.09	146.61	143.64	146.38	1075308
01/28/19	144.13	144.13	140.88	142.82	1294363
01/25/19	145.98	147.4	145.8	146.84	1026572
01/24/19	143.34	144.485	142.58	143.89	1480987
01/23/19	146.72	147.1199	143.4	143.45	1650329
01/22/19	149.47	149.88	145.81	146.18	1869826
01/18/19	146.33	150.73	146.25	150.56	1963054
01/17/19	140.51	145.61	140.51	145.1	1259411
01/16/19	139.07	141.7	138.73	141.37	1191813
01/15/19	140.43	140.65	138.1	138.9	1435402
01/14/19	138.76	140.54	137.58	140.23	1547575
01/11/2019	139.02	140.1	138.205	139.54	1152649
01/10/2019	136.53	139.49	135.78	139.33	1432268
01/09/2019	138.39	139.14	136.78	137.47	1734791
01/08/2019	138.28	140.06	136.92	137.2	1314467
01/07/2019	136.14	138.72	135.29	136.84	1114233
01/04/2019	132.33	136.29	132.27	136.17	1244093
01/03/2019	132.41	132.83	130.03	130.74	1192420
01/02/2019	131.22	134.13	130.93	133.38	1172724
12/31/18	132.4	133.69	131.87	133.64	895929
12/28/18	133.07	134.43	130.76	131.66	1071976
12/27/18	128.63	132.58	126.02	132.58	1138646
12/26/18	125.66	131.13	124.4	131.07	1460575
12/24/18	127.96	128.01	125.418	125.49	904274
12/21/18	130.24	133.2	127.72	128.22	2362039
12/20/18	129.89	133.025	128.5	130.11	1646898
12/19/18	131.65	135.4	129.2539	130.89	2177069
12/18/18	132.85	134.25	129.94	131.34	1618358
12/17/18	133.45	135.38	130.93	131.45	1538991
12/14/18	132.86	135.62	132.38	133.84	1110603
12/13/18	136.45	137.59	133.83	134.47	1426439
12/12/2018	136.36	138.33	135.83	135.97	1410242
12/11/2018	138.57	139.3481	133.31	134.4	1173178
12/10/2018	137.49	138.41	133.61	136.29	1275247
12/07/2018	142.49	144.89	137.58	138.6	1329883
12/06/2018	142.95	143.38	137.56	142.29	1945737
12/04/2018	151.92	151.92	146.19	146.37	1674279
12/03/2018	154.86	156.49	151.33	152.47	1820351
11/30/18	148.26	151.58	148.175	151.06	1415782
11/29/18	148.37	149.09	146.775	148.2	997477
11/28/18	145.82	148.56	143.67	148.56	860430
11/27/18	146.46	147.37	144.33	145.18	1358726
11/26/18	146.26	148.85	145.85	147.19	1118999
11/23/18	143.91	145.69	143.78	144.81	451681
11/21/18	143.33	147.24	142.8331	145	867728
11/20/18	144.63	145.08	141.13	143.17	1312382
11/19/18	146.15	147.65	145.26	145.72	2223354
11/16/18	147.3	149.03	146.9165	147.11	1814737
11/15/18	144.34	148.73	143.4807	147.46	2057862
11/14/18	144.8	147.505	144.19	145.84	1288496
11/13/18	145.07	147.61	144.04	144.5	1593099
11/12/2018	143.59	145.64	142.28	144.36	949724
11/09/2018	144.93	145.85	141.94	143.07	2661725
11/08/2018	146.08	147.915	145.235	146.25	1176705
11/07/2018	146.76	146.83	143.19	146.73	1855797
11/06/2018	142.9	145.8	142.4748	145.11	855237
11/05/2018	141.8	144.96	141.4	143.83	1425402
11/02/2018	143.16	144.72	141.25	141.83	1355994
11/01/2018	137.69	144.24	137.5231	142.19	1520361
10/31/18	137.11	139.355	136.23	136.69	3325050
10/30/18	129.73	134.99	124.72	134.4	3202928
10/29/18	131.06	134.16	129.31	131.38	2336906
10/26/18	126.81	129.54	124.8742	128.77	2180304
10/25/18	129.58	131.1	128.12	128.37	3334463
10/24/18	134.68	135.44	127.82	128.07	2133534
10/23/18	134.81	136.02	131.1201	134.64	2746464
10/22/18	140.65	140.65	138.12	139.93	1174539
10/19/18	141.48	142	139.14	139.96	1743331
10/18/18	145.84	145.84	140.6	141.2	2090719
10/17/18	146.58	147.3	144.59	146.19	1133929
10/16/18	147.37	147.67	145.75	147.41	1060882
10/15/18	145.41	147.78	145.21	146.06	963026
10/12/2018	147.59	147.83	143.07	145.24	1795298
10/11/2018	147.25	149.23	144.58	145.47	1712977
10/10/2018	151	151	147.2614	147.86	1803125
10/09/2018	153.27	153.94	149.61	150.83	1420217
10/08/2018	150.44	153.29	150.1	152.84	1821448
10/05/2018	152.32	152.94	150.23	151.28	1280487
10/04/2018	152.67	153.47	151.364	152.49	1578941
10/03/2018	149.13	151.86	148.66	150.59	1082779
10/02/2018	148.35	149.809	147.61	148.95	1025035
10/01/2018	147.77	149.02	147.25	147.99	1207199
09/28/18	146.5	146.78	145.59	146.07	1880911
09/27/18	147.25	148.34	146.13	147.19	920824
09/26/18	148.02	148.75	146.8282	147.03	987239
09/25/18	149.07	149.72	147.687	148.22	1477824
09/24/18	150.52	150.67	148.62	149.08	1922129
09/21/18	151.28	151.83	150	151.02	2174952
09/20/18	149.53	151.87	149.295	150.84	1547170
09/19/18	145.87	149.42	145.34	148.33	1251935
09/18/18	144.45	145.92	143.09	145.58	1240299
09/17/18	143.2	145.67	143.2	144.49	1084834
09/14/18	142.4	143.39	141.56	143.2	1026631
09/13/18	143.15	144	141.23	142.26	1436119
09/12/2018	141.75	142.65	139.28	142.07	1557906
09/11/2018	141.49	143.54	140.3	143.05	1006751
09/10/2018	141.22	144	141.2	142.41	890182
09/07/2018	140.76	142.76	139.29	141.03	1322166
09/06/2018	141.61	143.54	140.17	140.91	1303987
09/05/2018	139.67	142.58	139.15	142.44	1994566
09/04/2018	141.18	141.98	139.04	139.99	1618477
08/31/18	141.1	142.22	140.79	141.8	1285860
08/30/18	143.69	143.94	141.23	141.56	1340645
08/29/18	145.09	145.27	142.5	143.91	1110371
08/28/18	145.01	145.98	144.34	144.77	1463384
08/27/18	141.83	144.74	141.82	144.03	1066169
08/24/18	138.53	141.19	137.63	140.99	1264986
08/23/18	144.5	144.81	141.17	141.43	1421222
08/22/18	145	145.53	144.2033	144.81	1435640
08/21/18	144.03	145.935	144.03	145.29	1603290
08/20/18	144	145.9599	144	145.39	1247767
08/17/18	140.57	143.85	140.57	143.35	987458
08/16/18	138.74	141.2799	138.72	140.76	1141489
08/15/18	138.2	138.42	135.62	138.04	1648066
08/14/18	139.9	140.485	138.7	138.99	1280654
08/13/18	140.67	141.22	138.69	139.7	1110985
08/10/2018	141.36	141.75	139.82	140.29	876310
08/09/2018	142.41	142.76	141.55	142.02	861344
08/08/2018	143.62	144.39	142.15	142.23	1121879
08/07/2018	142.71	144.47	142.37	143.58	995837
08/06/2018	141.7	142.48	140.7571	141.85	1008837
08/03/2018	140.65	141.9172	139.62	141.61	1649087
08/02/2018	138.83	140.6062	137.34	139.79	1219954
08/01/2018	141.38	142.57	138.939	139.72	1915439
07/31/18	136.9	144.27	134.6	142.81	4313932
07/30/18	140.5	141.69	136.9	137.21	1585937
07/27/18	137.73	139.14	136.98	138.96	1426005
07/26/18	136.26	138.95	136.06	137.6	1185859
07/25/18	135.01	136.03	133.44	135.81	1168017
07/24/18	136	137.5	135.02	135.59	2157859
07/23/18	134.89	135.71	134.5	134.72	1206534
07/20/18	136.72	136.9	135.0101	135.81	1510170
07/19/18	136.53	138.38	136.04	137.82	988732
07/18/18	135.99	138.665	135.59	137.73	931412
07/17/18	134.18	136.07	134.17	135.88	823974
07/16/18	136.86	136.86	134.48	134.68	781603
07/13/18	134.75	137.54	134.71	136.86	963641
07/12/2018	135.05	135.163	133.36	134.49	1150827
07/11/2018	135.81	135.95	133.92	134.09	1203284
07/10/2018	137.77	138.39	136	137.19	1720312
07/09/2018	132.2	135.48	132.05	135.15	2028200
07/06/2018	131.24	132.03	129.9	131.4	1543726
07/05/2018	131.84	131.96	130.6	131.46	1624737
07/03/2018	132.91	133.3	130.96	131.05	715188
07/02/2018	131.58	132.59	130.84	132.25	1177323
06/29/18	133.72	134.97	132.9	133	1094093
06/28/18	131.65	133.945	131.58	133.24	1002241
06/27/18	134.2	136.57	132.25	132.32	1340955
06/26/18	134.77	136.69	133.34	133.94	1555092
06/25/18	134.79	135.67	132.88	134.15	1527573
06/22/18	136.56	137.52	135.55	136.05	1777150
06/21/18	137.81	138.01	135.02	135.24	1712620
06/20/18	139.81	139.8848	137.66	138.58	1365968
06/19/18	140.97	141.69	139.13	139.77	1569247
06/18/18	141.91	142.86	140.68	142.41	1194739
06/15/18	141.095	143.23	139.68	143.13	1733506
06/14/18	141.6	143.23	141.28	141.89	906544
06/13/18	143.34	143.465	141.25	141.56	1203966
06/12/2018	144.69	145.18	143.375	143.59	1230667
06/11/2018	143.56	145.19	143.56	144.56	759598
06/08/2018	143.48	144.4985	142.29	143.68	1337711
06/07/2018	144	144.57	143.3804	143.86	1152019
06/06/2018	142.02	143.63	141.43	143.55	1796019
06/05/2018	142.25	142.77	140.73	141.57	1750963
06/04/2018	144.32	144.59	141.94	142.3	830537
06/01/2018	143.59	144.8073	142.85	143.58	1034017
05/31/18	145.5	145.925	141.86	142.39	1382221
05/30/18	145	146.01	143.66	145.48	1573549
05/29/18	146.02	146.1	142.63	144.5	1873637
05/25/18	147.77	148.28	145.8	146.54	1057314
05/24/18	148.93	149.7	147.78	148.38	821752
05/23/18	148.5	149.26	147.075	149.06	1323123
05/22/18	151.03	151.42	149.05	149.06	653012
05/21/18	150	151.5	149.8	151	1278397
05/18/18	146.14	149.54	146.14	148.9	1643059
05/17/18	146.06	147.8	145.48	146.36	930328
05/16/18	146.52	147.97	146.52	147.18	1084924
05/15/18	144.01	146.52	143.78	146.44	1498585
05/14/18	146.3	147.2	144.36	144.87	1434713
05/11/2018	146.16	148.99	145.5	146.25	1516277
05/10/2018	146.87	147.28	145.37	146.12	1325752
05/09/2018	146.23	147.6332	145.21	146.52	1292040
05/08/2018	145.43	147.74	144.58	145.99	1380276
05/07/2018	145.32	146.71	144.84	144.96	2078214
05/04/2018	142.43	145.47	142.04	144.55	2146919
05/03/2018	144.63	145.43	140.6	143.55	3231563
05/02/2018	150.27	151.55	145.47	146.12	3582934
05/01/2018	153.94	155	149.1	153.28	4037319
04/30/18	161.72	163.46	159.07	159.86	1950089
04/27/18	161.48	162.9	159.22	160.82	2119208
04/26/18	162.25	163.34	160.21	161.99	1229290
04/25/18	160.85	163.35	159.4	162.14	1672572
04/24/18	170.47	171.9	157.21	161.33	2623338
04/23/18	168.95	170.04	167.9501	169.02	1070744
04/20/18	169.92	170.225	168	168.77	825674
04/19/18	170.61	171.27	168.19	169.52	1598321
04/18/18	168.48	172.08	167.71	170.83	1719459
04/17/18	168.44	169.27	167.16	167.47	1252351
04/16/18	164.43	167.895	164.1	166.67	1774210
04/13/18	162.99	163.85	161.87	162.39	1123865
04/12/2018	160	162.77	159.6	161.79	1464476
04/11/2018	160.48	161.725	158.42	158.86	1341953
04/10/2018	158.89	162.84	158.56	161.92	1704170
04/09/2018	158.02	159.61	156.28	156.5	1306930
04/06/2018	161.31	161.95	156.2	157.9	1397945
04/05/2018	162.15	163.64	161.52	162.42	1910001
04/04/2018	155.58	161.29	155.58	160.95	1476691
