CSX 1009

04/04/2022	35.42	35.66	34.84	35.61	11727150.00
04/01/2022	37.76	37.77	35.24	35.51	21039279.00
03/31/2022	37.83	38.06	37.44	37.45	16183720.00
03/30/2022	37.75	37.99	37.42	37.80	8796946.00
03/29/2022	37.72	37.84	37.16	37.68	15244560.00
03/28/2022	36.88	37.56	36.62	37.53	15776350.00
03/25/2022	36.72	36.94	36.45	36.92	8588795.00
03/24/2022	36.57	37.04	36.34	36.68	11401930.00
03/23/2022	36.77	36.93	36.34	36.39	19368830.00
03/22/2022	36.90	37.05	36.49	36.78	20471971.00
03/21/2022	36.08	37.09	36.08	36.86	15313810.00
03/18/2022	36.26	36.35	35.92	36.31	23024131.00
03/17/2022	36.05	36.33	35.34	36.30	17775150.00
03/16/2022	34.65	35.62	34.45	35.61	23601090.00
03/15/2022	34.63	34.80	33.98	34.36	24581359.00
03/14/2022	34.79	35.02	34.02	34.23	14321460.00
03/11/2022	35.30	35.59	34.63	34.69	21957301.00
03/10/2022	34.28	35.14	33.88	34.89	24267689.00
03/09/2022	35.69	35.73	34.27	34.61	21741830.00
03/08/2022	36.72	37.28	34.94	34.99	27806080.00
03/07/2022	37.21	38.63	36.96	37.01	25773990.00
03/04/2022	35.04	37.48	34.92	37.43	30152570.00
03/03/2022	34.70	35.90	34.70	35.29	20974971.00
03/02/2022	33.50	34.75	33.36	34.61	15046000.00
03/01/2022	33.77	34.26	33.17	33.34	17105010.00
02/28/2022	33.70	34.08	33.47	33.91	18286699.00
02/25/2022	33.67	34.50	33.56	34.31	11361600.00
02/24/2022	33.17	33.65	32.72	33.60	13506000.00
02/23/2022	34.37	34.52	33.34	33.40	13017110.00
02/22/2022	34.84	35.10	34.07	34.24	20566760.00
02/18/2022	35.05	35.40	34.61	34.66	14074440.00
02/17/2022	35.00	35.41	34.89	35.10	14982960.00
02/16/2022	34.68	35.27	34.47	35.17	10911390.00
02/15/2022	34.25	34.97	34.25	34.55	18213311.00
02/14/2022	33.42	34.04	33.37	33.92	14018240.00
02/11/2022	33.92	34.19	33.10	33.37	12043650.00
02/10/2022	34.01	34.66	33.81	33.99	10937670.00
02/09/2022	34.21	34.82	34.18	34.74	11172990.00
02/08/2022	33.78	34.51	33.66	34.11	13581220.00
02/07/2022	34.42	34.52	33.50	33.65	12304880.00
02/04/2022	34.08	34.55	33.95	34.30	13627170.00
02/03/2022	34.87	35.29	34.54	34.61	13095620.00
02/02/2022	34.72	35.28	34.62	35.21	10085560.00
02/01/2022	34.24	34.77	34.22	34.72	12299610.00
01/31/2022	33.89	34.37	33.89	34.22	14354800.00
01/28/2022	33.54	34.46	33.21	34.43	15047490.00
01/27/2022	33.90	34.15	33.39	33.56	16046280.00
01/26/2022	33.95	34.82	33.36	33.65	21782510.00
01/25/2022	33.65	34.01	33.15	33.72	19911869.00
01/24/2022	34.44	34.50	33.39	34.36	29000320.00
01/21/2022	35.05	35.14	33.41	34.10	34378809.00
01/20/2022	34.92	36.12	34.92	35.24	18196580.00
01/19/2022	35.33	35.56	34.96	35.25	17662350.00
01/18/2022	36.05	36.09	35.07	35.25	20631529.00
01/14/2022	36.43	36.74	36.21	36.44	13695680.00
01/13/2022	36.68	36.98	36.58	36.74	9293110.00
01/12/2022	36.43	36.74	36.26	36.64	11545030.00
01/11/2022	36.55	36.60	35.47	36.30	15075370.00
01/10/2022	37.58	37.60	36.29	36.54	16150480.00
01/07/2022	37.58	37.78	37.33	37.51	9770255.00
01/06/2022	37.48	37.87	37.27	37.71	10031390.00
01/05/2022	37.71	37.92	37.40	37.44	9791152.00
01/04/2022	37.11	38.01	37.08	37.63	8150986.00
01/03/2022	37.46	37.74	36.84	37.08	8723007.00
12/31/2021	37.26	37.82	37.16	37.60	6413499.00
12/30/2021	37.41	37.67	37.20	37.32	6479637.00
12/29/2021	37.42	37.76	37.32	37.58	5866602.00
12/28/2021	37.16	37.60	37.16	37.42	5301977.00
12/27/2021	36.86	37.27	36.83	37.19	6070317.00
12/23/2021	36.30	36.94	36.13	36.79	11146120.00
12/22/2021	35.96	36.10	35.81	36.08	6111497.00
12/21/2021	35.61	36.10	35.55	35.95	9657165.00
12/20/2021	35.20	35.44	34.94	35.31	11861850.00
12/17/2021	36.48	36.55	35.63	35.72	29595689.00
12/16/2021	36.37	36.90	36.37	36.57	11190480.00
12/15/2021	36.28	36.53	35.89	36.47	11198430.00
12/14/2021	35.83	36.30	35.71	35.92	11096900.00
12/13/2021	36.78	36.92	35.97	36.01	14655240.00
12/10/2021	36.95	36.98	36.54	36.74	12150710.00
12/09/2021	36.81	37.05	36.55	36.61	10872790.00
12/08/2021	37.16	37.29	36.57	36.95	11080680.00
12/07/2021	37.00	37.35	36.85	37.09	10565670.00
12/06/2021	36.21	37.02	36.16	36.76	14666810.00
12/03/2021	35.95	36.49	35.47	35.84	21822910.00
12/02/2021	34.49	35.73	34.43	35.57	12215210.00
12/01/2021	35.27	35.62	34.42	34.44	15993880.00
11/30/2021	35.28	35.74	34.58	34.66	23366500.00
11/29/2021	35.98	36.24	35.58	35.62	13836420.00
11/26/2021	35.66	35.80	34.76	35.57	11401660.00
11/24/2021	36.30	36.52	36.10	36.25	16542350.00
11/23/2021	36.01	36.57	35.89	36.48	16304980.00
11/22/2021	36.18	36.52	36.03	36.05	10025690.00
11/19/2021	36.17	36.31	35.80	36.08	10882540.00
11/18/2021	35.36	36.43	35.36	36.21	17516590.00
11/17/2021	35.12	35.62	34.94	35.54	11951490.00
11/16/2021	35.35	35.56	35.10	35.15	9157658.00
11/15/2021	35.30	35.45	35.16	35.19	13052570.00
11/12/2021	35.23	35.53	35.06	35.23	7348349.00
11/11/2021	35.41	35.50	34.95	35.12	8109790.00
11/10/2021	35.59	35.80	35.34	35.47	8920660.00
11/09/2021	35.37	35.59	35.15	35.54	10849720.00
11/08/2021	35.67	35.76	35.30	35.47	10883290.00
11/05/2021	35.75	35.93	35.39	35.41	9028090.00
11/04/2021	35.49	35.75	35.29	35.43	9697374.00
11/03/2021	35.73	35.78	35.27	35.68	8398733.00
11/02/2021	35.76	35.83	35.41	35.69	12068080.00
11/01/2021	36.14	36.19	35.45	35.69	10976060.00
10/29/2021	36.02	36.45	35.92	36.17	9951272.00
10/28/2021	35.85	36.30	35.85	36.24	8995107.00
10/27/2021	36.00	36.28	35.69	35.86	10844440.00
10/26/2021	35.79	36.00	35.59	35.69	10596770.00
10/25/2021	35.58	36.06	35.33	35.73	11664550.00
10/22/2021	35.12	35.66	34.76	35.42	14922160.00
10/21/2021	35.33	35.89	34.95	35.01	21688811.00
10/20/2021	34.12	34.55	33.87	34.46	14134650.00
10/19/2021	34.34	34.43	33.95	34.11	10274290.00
10/18/2021	33.99	34.34	33.80	34.23	10913360.00
10/15/2021	33.60	34.42	33.57	34.16	20535119.00
10/14/2021	32.83	33.44	32.79	33.43	11005630.00
10/13/2021	32.27	32.71	31.98	32.58	8349564.00
10/12/2021	32.56	32.56	32.05	32.13	7468883.00
10/11/2021	32.71	32.98	32.49	32.50	8718252.00
10/08/2021	32.19	32.80	32.10	32.71	9871586.00
10/07/2021	32.80	32.85	32.12	32.18	11944490.00
10/06/2021	31.17	32.59	31.16	32.54	17573760.00
10/05/2021	30.43	31.66	30.43	31.43	16226360.00
10/04/2021	30.38	30.84	30.28	30.51	16652420.00
10/01/2021	29.78	30.56	29.78	30.34	12352200.00
09/30/2021	30.47	30.55	29.72	29.74	10401130.00
09/29/2021	30.41	30.62	30.23	30.36	11565930.00
09/28/2021	30.54	30.66	30.18	30.50	16501279.00
09/27/2021	30.34	30.82	30.25	30.56	10214110.00
09/24/2021	30.11	30.69	30.06	30.42	10131220.00
09/23/2021	29.87	30.41	29.87	30.21	9476415.00
09/22/2021	29.87	30.16	29.81	29.86	8814953.00
09/21/2021	30.10	30.34	29.61	29.71	10219070.00
09/20/2021	29.90	29.99	29.48	29.77	15750230.00
09/17/2021	30.83	31.00	30.20	30.31	24017609.00
09/16/2021	30.99	31.06	30.73	30.91	12604120.00
09/15/2021	30.68	31.01	30.53	30.85	11871440.00
09/14/2021	30.96	30.96	30.43	30.50	9952190.00
09/13/2021	31.23	31.27	30.66	30.90	12953970.00
09/10/2021	31.30	31.58	30.91	30.95	9316196.00
09/09/2021	31.70	31.72	31.22	31.35	8042958.00
09/08/2021	31.45	31.76	31.27	31.69	10216540.00
09/07/2021	31.88	32.00	31.47	31.51	11167360.00
09/03/2021	32.43	32.55	31.94	32.00	9727989.00
09/02/2021	32.62	32.77	32.42	32.58	11128200.00
09/01/2021	32.58	32.84	32.23	32.54	12680890.00
08/31/2021	33.10	33.22	32.34	32.53	14636680.00
08/30/2021	33.28	33.36	33.03	33.10	5398485.00
08/27/2021	33.31	33.55	33.28	33.45	6921391.00
08/26/2021	33.46	33.66	33.10	33.28	6249232.00
08/25/2021	33.41	33.56	33.27	33.46	7536686.00
08/24/2021	33.99	34.01	33.32	33.37	8914403.00
08/23/2021	33.78	34.33	33.77	33.87	7973329.00
08/20/2021	33.74	33.86	33.59	33.73	6301587.00
08/19/2021	33.68	33.92	33.39	33.59	7632352.00
08/18/2021	33.67	34.21	33.63	33.76	8526304.00
08/17/2021	33.84	33.85	33.26	33.74	6734551.00
08/16/2021	33.80	33.89	33.46	33.87	6929038.00
08/13/2021	34.17	34.28	33.69	33.87	5625484.00
08/12/2021	34.00	34.17	33.61	34.13	8370357.00
08/11/2021	33.01	33.99	33.00	33.98	15003920.00
08/10/2021	32.55	33.20	32.44	32.95	10382800.00
08/09/2021	32.28	32.48	32.16	32.39	6174854.00
08/06/2021	32.20	32.47	32.14	32.30	5975831.00
08/05/2021	32.02	32.33	31.96	32.15	6037420.00
08/04/2021	32.25	32.39	31.70	31.92	8051036.00
08/03/2021	32.21	32.54	32.03	32.43	5371694.00
08/02/2021	32.45	32.63	31.97	32.09	6722776.00
07/30/2021	32.03	32.35	32.02	32.32	7802748.00
07/29/2021	32.08	32.29	32.03	32.09	6283029.00
07/28/2021	32.25	32.46	31.85	31.91	10612200.00
07/27/2021	32.73	33.01	32.31	32.38	9081293.00
07/26/2021	32.80	32.99	32.51	32.89	10950030.00
07/23/2021	32.38	32.86	32.38	32.81	10394960.00
07/22/2021	32.78	33.27	32.59	32.67	14926800.00
07/21/2021	31.24	31.72	31.24	31.57	11236590.00
07/20/2021	30.88	31.43	30.86	31.18	11295900.00
07/19/2021	31.13	31.17	30.64	30.82	13505340.00
07/16/2021	31.76	31.97	31.41	31.51	13642510.00
07/15/2021	31.45	31.96	31.45	31.81	12351030.00
07/14/2021	31.82	31.96	31.57	31.64	11147210.00
07/13/2021	31.58	31.92	31.58	31.70	8716580.00
07/12/2021	31.86	32.00	31.52	31.74	8437942.00
07/09/2021	31.62	31.95	31.59	31.83	15171260.00
07/08/2021	32.10	32.20	30.84	30.95	24349189.00
07/07/2021	32.30	33.04	32.29	32.98	12646660.00
07/06/2021	32.47	32.56	31.97	32.40	10507460.00
07/02/2021	32.38	32.80	32.23	32.58	11422700.00
07/01/2021	32.21	32.45	32.06	32.28	10988320.00
06/30/2021	31.95	32.13	31.57	32.08	15063360.00
06/29/2021	32.32	32.43	31.36	31.56	18270789.00
06/28/2021	31.95	32.08	31.64	31.77	13197737.62
06/25/2021	31.75	32.14	31.75	31.97	10498595.70
06/24/2021	31.63	31.77	31.43	31.72	12421718.64
06/23/2021	31.68	31.77	31.50	31.55	10493303.70
06/22/2021	31.91	32.00	31.72	31.76	8943587.74
06/21/2021	31.77	32.13	31.73	31.94	10646312.69
06/18/2021	31.81	31.89	31.51	31.58	19734527.43
06/17/2021	32.41	32.49	31.88	32.08	10155878.71
06/16/2021	32.83	32.85	32.30	32.41	11285183.67
06/15/2021	32.68	32.87	32.47	32.80	12713771.63
06/14/2021	32.46	32.57	32.20	32.43	8617106.75
06/11/2021	32.42	32.49	32.27	32.41	8883371.74
06/10/2021	32.68	32.79	32.21	32.22	11526953.67
06/09/2021	32.71	32.82	32.51	32.61	8712512.75
06/08/2021	32.69	32.89	32.36	32.72	14946065.57
06/07/2021	33.26	33.37	32.68	32.69	9384776.73
06/04/2021	33.50	33.50	32.98	33.21	7880729.77
06/03/2021	32.93	33.51	32.85	33.23	9493493.72
06/02/2021	33.49	33.58	33.16	33.19	7934525.77
06/01/2021	33.52	33.72	33.40	33.43	9130367.73
05/28/2021	33.37	33.47	33.25	33.37	6052622.82
05/27/2021	33.52	33.71	33.27	33.29	12263894.64
05/26/2021	33.04	33.54	33.02	33.48	13306040.61
05/25/2021	33.12	33.46	32.95	33.02	8172098.76
05/24/2021	33.07	33.20	32.86	33.12	8430791.76
05/21/2021	32.85	33.19	32.61	32.76	12012620.65
05/20/2021	32.69	32.94	32.48	32.76	10016837.71
05/19/2021	32.62	32.86	32.36	32.79	11724494.66
05/18/2021	33.43	33.50	32.95	32.97	11467658.67
05/17/2021	33.94	34.11	33.28	33.47	16106414.53
05/14/2021	33.85	34.17	33.74	33.90	10779473.69
05/13/2021	33.17	33.75	33.09	33.58	15173453.56
05/12/2021	33.65	33.83	33.16	33.21	11357432.67
05/11/2021	34.28	34.29	33.77	33.85	13913123.60
05/10/2021	34.54	34.96	34.37	34.39	10261040.70
05/07/2021	34.11	34.51	33.95	34.38	7383182.79
05/06/2021	33.94	34.20	33.85	34.19	8334800.76
05/05/2021	33.98	34.12	33.67	33.73	8781995.74
05/04/2021	33.69	34.01	33.63	33.88	12131516.65
05/03/2021	33.85	34.03	33.75	33.79	7163375.79
04/30/2021	33.69	33.92	33.52	33.58	13802885.60
04/29/2021	34.00	34.00	33.30	33.73	13470374.61
04/28/2021	33.86	34.16	33.78	33.83	12767825.63
04/27/2021	34.03	34.10	33.80	33.97	10035752.71
04/26/2021	34.34	34.55	34.07	34.11	9794126.72
04/23/2021	33.93	34.54	33.82	34.37	9547394.72
04/22/2021	33.91	34.58	33.77	33.94	15464510.55
04/21/2021	32.98	34.45	32.92	34.23	21643568.37
04/20/2021	33.39	33.78	32.69	32.82	15406781.55
04/19/2021	32.80	32.95	32.66	32.90	8116745.76
04/16/2021	33.22	33.25	32.73	32.88	11430752.67
04/15/2021	32.90	33.11	32.77	32.96	8825711.74
04/14/2021	32.67	32.86	32.55	32.79	9633512.72
04/13/2021	32.69	32.82	32.40	32.60	6452804.81
04/12/2021	32.55	32.93	32.37	32.87	6730499.80
04/09/2021	32.28	32.83	32.22	32.76	6457076.81
04/08/2021	32.40	32.40	32.11	32.16	7561919.78
04/07/2021	32.53	32.54	32.16	32.32	6040955.83
04/06/2021	32.77	32.84	32.36	32.37	9061055.74
04/05/2021	32.71	32.95	32.55	32.86	7239083.79
04/01/2021	32.36	32.45	32.12	32.42	8038877.77
03/31/2021	31.89	32.36	31.89	32.14	10265747.70
03/30/2021	32.00	32.43	31.99	32.12	10415609.70
03/29/2021	32.64	32.70	32.01	32.20	13755917.60
03/26/2021	31.91	32.58	31.80	32.55	9407036.73
03/25/2021	31.32	31.94	31.01	31.85	9774653.72
03/24/2021	31.06	31.76	31.01	31.39	12278162.64
03/23/2021	31.16	31.63	30.87	30.97	10693175.69
03/22/2021	31.60	31.73	31.08	31.26	20960783.39
03/19/2021	30.95	31.00	30.16	30.26	32357849.06
03/18/2021	30.49	31.06	30.47	30.84	12426800.64
03/17/2021	30.60	30.90	30.34	30.71	11624912.66
03/16/2021	31.26	31.29	30.48	30.65	9074033.74
03/15/2021	31.22	31.33	30.75	31.16	8145038.76
03/12/2021	31.19	31.43	31.16	31.28	6711320.80
03/11/2021	31.37	31.63	31.22	31.27	11390795.67
03/10/2021	31.00	31.39	30.83	31.20	7676873.78
03/09/2021	31.11	31.35	30.89	30.91	8565758.75
03/08/2021	30.60	31.48	30.53	30.84	10493123.70
03/05/2021	29.85	30.62	29.31	30.54	9233120.73
03/04/2021	30.36	30.49	29.05	29.42	12982106.62
03/03/2021	30.69	30.74	30.35	30.36	7253672.79
03/02/2021	30.98	31.01	30.53	30.72	6810146.80
03/01/2021	31.00	31.18	30.82	30.98	7704773.78
02/26/2021	30.85	30.97	30.36	30.52	11532500.67
02/25/2021	31.11	31.11	30.58	30.73	13516511.61
02/24/2021	30.36	31.30	30.32	31.12	8136785.76
02/23/2021	30.91	31.24	30.34	30.56	11358392.67
02/22/2021	30.53	31.19	30.44	30.86	13260965.62
02/19/2021	30.07	30.78	30.03	30.70	9882923.71
02/18/2021	29.77	30.16	29.53	30.01	10865876.68
02/17/2021	30.10	30.23	29.70	30.00	9963377.71
02/16/2021	30.14	30.37	30.03	30.25	14850203.57
02/12/2021	29.53	30.14	29.53	30.05	10036550.71
02/11/2021	29.65	29.72	29.22	29.58	11757281.66
02/10/2021	29.72	29.80	29.21	29.39	9537059.72
02/09/2021	28.94	29.57	28.67	29.49	11108000.68
02/08/2021	29.42	29.51	28.99	29.09	15169574.56
02/05/2021	29.81	29.84	29.50	29.52	9338345.73
02/04/2021	29.78	29.93	29.29	29.47	12042074.65
02/03/2021	29.85	30.01	29.69	29.77	9593111.72
02/02/2021	29.19	30.05	29.05	29.88	11835626.66
02/01/2021	28.73	29.19	28.73	29.02	12804431.63
01/29/2021	28.67	29.17	28.51	28.59	16789019.51
01/28/2021	28.46	29.27	28.14	28.90	15337517.56
01/27/2021	28.45	28.64	27.70	27.96	20651258.40
01/26/2021	29.32	29.58	28.87	28.94	11301641.67
01/25/2021	29.24	29.36	28.63	29.29	15135620.56
01/22/2021	29.82	30.16	29.18	29.21	19846184.42
01/21/2021	30.86	30.93	30.40	30.54	12921926.63
01/20/2021	31.00	31.11	30.70	31.07	13134020.62
01/19/2021	31.24	31.45	30.85	30.89	9317108.73
01/15/2021	31.06	31.28	30.63	31.14	12513452.64
01/14/2021	31.57	31.62	31.09	31.16	9858614.71
01/13/2021	31.92	31.99	31.35	31.55	15406856.55
01/12/2021	31.71	32.15	31.58	31.96	9510884.72
01/11/2021	31.81	32.51	31.71	32.00	12277094.64
01/08/2021	31.29	32.09	31.29	31.95	12530675.64
01/07/2021	30.90	31.49	30.69	31.34	11685458.66
01/06/2021	29.76	30.68	29.75	30.62	13464155.61
01/05/2021	29.29	30.03	29.27	29.83	10363898.70
01/04/2021	30.22	30.34	29.13	29.33	15560822.55
12/31/2020	29.99	30.30	29.89	30.25	9063653.74
12/30/2020	29.90	30.16	29.83	30.11	5934995.83
12/29/2020	30.32	30.41	29.56	29.78	8220530.76
12/28/2020	30.19	30.42	30.12	30.21	5016311.86
12/24/2020	29.93	30.07	29.72	30.02	2629166.92
12/23/2020	29.96	30.17	29.74	29.89	12081998.65
12/22/2020	29.75	30.06	29.70	29.85	14629238.58
12/21/2020	29.59	30.12	29.52	29.90	8289287.76
12/18/2020	30.16	30.33	29.82	30.22	16911698.51
12/17/2020	29.78	30.32	29.78	30.18	8842298.74
12/16/2020	30.02	30.12	29.66	29.70	9122627.73
12/15/2020	29.96	30.17	29.61	30.07	11944973.65
12/14/2020	30.40	30.44	29.63	29.64	7836989.77
12/11/2020	29.74	30.23	29.67	30.14	10037942.71
12/10/2020	29.85	30.18	29.85	30.00	13001558.62
12/09/2020	30.56	30.76	30.40	30.58	8512412.75
12/08/2020	30.38	30.70	30.33	30.50	11121362.68
12/07/2020	30.48	30.77	30.37	30.68	13370072.61
12/04/2020	30.21	30.66	30.15	30.62	14024540.59
12/03/2020	30.33	30.53	29.99	30.14	15362858.55
12/02/2020	30.01	30.45	30.01	30.23	15218732.56
12/01/2020	30.31	30.69	30.12	30.21	14906606.57
11/30/2020	30.36	30.61	29.99	30.02	19928456.42
11/27/2020	30.83	30.91	30.38	30.43	4140719.88
11/25/2020	31.00	31.04	30.52	30.75	7125665.79
11/24/2020	31.15	31.15	30.74	30.97	23318456.32
11/23/2020	30.65	30.89	30.42	30.69	9232658.73
11/20/2020	30.51	30.76	30.31	30.51	6396197.82
11/19/2020	30.28	30.62	30.06	30.57	8326889.76
11/18/2020	30.95	31.21	30.43	30.44	7898555.77
11/17/2020	30.61	30.97	30.48	30.83	7368452.79
11/16/2020	30.74	31.03	30.43	31.00	10768493.69
11/13/2020	30.04	30.55	29.91	30.20	10227806.70
11/12/2020	29.83	30.18	29.64	29.91	12211844.65
11/11/2020	30.53	30.63	29.77	30.01	13179023.62
11/10/2020	29.25	30.63	29.06	30.47	21492155.38
11/09/2020	30.12	31.23	29.34	29.40	17890568.48
11/06/2020	29.06	29.23	28.54	28.73	8671652.75
11/05/2020	28.50	29.30	28.33	29.01	18311915.47
11/04/2020	28.49	29.18	28.19	28.28	19347380.44
11/03/2020	27.54	28.26	27.41	28.07	16795310.51
11/02/2020	26.77	27.37	26.42	27.25	17485433.49
10/30/2020	25.88	26.34	25.83	26.31	17652350.49
10/29/2020	25.22	26.31	25.13	25.96	16518509.52
10/28/2020	25.49	25.85	25.25	25.31	18601886.46
10/27/2020	26.33	26.49	25.87	26.03	16386209.52
10/26/2020	26.78	26.80	26.11	26.29	9995294.71
10/23/2020	27.23	27.53	26.79	27.10	9535481.72
10/22/2020	27.39	28.27	27.00	27.24	21459029.38
10/21/2020	26.40	26.69	26.21	26.24	14052854.59
10/20/2020	26.43	27.07	26.39	26.71	8415065.76
10/19/2020	26.60	26.95	26.27	26.35	9325874.73
10/16/2020	26.98	27.11	26.69	26.70	15870977.54
10/15/2020	26.52	27.05	26.42	27.01	8218817.76
10/14/2020	26.49	27.08	26.49	26.82	12395552.64
10/13/2020	26.84	27.00	26.32	26.40	12970430.62
10/12/2020	26.31	26.74	26.14	26.52	14096606.59
10/09/2020	25.99	26.31	25.99	26.16	6371957.82
10/08/2020	26.31	26.40	25.73	25.90	10333847.70
10/07/2020	25.70	26.38	25.68	26.23	10489394.70
10/06/2020	25.99	26.13	25.49	25.57	9891452.71
10/05/2020	25.83	26.10	25.77	25.91	8595758.75
10/02/2020	25.59	25.96	25.44	25.72	10648277.69
10/01/2020	26.12	26.12	25.42	25.62	12747650.63
09/30/2020	26.13	26.41	25.79	25.89	14632871.58
09/29/2020	26.32	26.49	25.86	25.87	11483939.67
09/28/2020	26.39	26.57	26.17	26.44	8690558.75
09/25/2020	25.75	26.11	25.55	26.03	10377656.70
09/24/2020	25.36	25.85	25.13	25.53	12737618.63
09/23/2020	26.22	26.33	25.36	25.50	13460903.61
09/22/2020	25.88	26.09	25.71	25.98	10902869.68
09/21/2020	26.10	26.25	25.44	25.86	13075568.62
09/18/2020	26.58	26.86	26.42	26.61	20217398.41
09/17/2020	26.00	26.67	25.79	26.50	13855904.60
09/16/2020	27.07	27.13	26.38	26.45	14956397.57
09/15/2020	26.58	27.03	26.42	26.76	14988704.57
09/14/2020	25.95	26.46	25.75	26.32	10494563.70
09/11/2020	25.42	25.81	25.35	25.72	8678222.75
09/10/2020	25.45	25.67	25.09	25.27	11175287.68
09/09/2020	25.24	25.96	25.23	25.55	10990040.68
09/08/2020	25.12	25.52	24.71	25.09	12302471.64
09/04/2020	25.41	25.66	24.80	25.17	12536789.64
09/03/2020	26.11	26.14	25.03	25.22	14156135.59
09/02/2020	25.98	26.22	25.72	25.89	24348287.29
09/01/2020	25.40	26.02	25.25	26.01	9957593.71
08/31/2020	25.73	25.85	25.38	25.49	9646544.72
08/28/2020	25.32	25.73	25.26	25.69	7963643.77
08/27/2020	25.33	25.58	25.09	25.40	7626059.78
08/26/2020	25.16	25.26	24.99	25.14	8460425.76
08/25/2020	25.20	25.31	24.94	25.28	7600592.78
08/24/2020	24.86	25.06	24.79	25.04	7807847.77
08/21/2020	24.63	24.75	24.47	24.71	9075113.74
08/20/2020	24.43	24.72	24.42	24.64	7644455.78
08/19/2020	24.91	24.95	24.64	24.68	8141762.76
08/18/2020	25.06	25.06	24.77	24.80	7244783.79
08/17/2020	24.81	25.09	24.78	25.00	8965997.74
08/14/2020	24.56	24.89	24.50	24.75	7149362.79
08/13/2020	24.84	24.99	24.58	24.67	7675766.78
08/12/2020	25.19	25.44	24.98	25.01	9075371.74
08/11/2020	25.03	25.49	24.89	25.05	16438379.52
08/10/2020	24.45	24.81	24.31	24.69	11712062.66
08/07/2020	23.98	24.41	23.95	24.31	10284197.70
08/06/2020	23.82	24.22	23.74	24.09	7129619.79
08/05/2020	23.72	23.84	23.60	23.81	6515786.81
08/04/2020	23.39	23.59	23.27	23.59	9359591.73
08/03/2020	23.73	23.88	23.43	23.45	8228060.76
07/31/2020	23.30	23.80	22.69	23.78	16729106.51
07/30/2020	23.66	23.77	23.35	23.41	9651095.72
07/29/2020	23.56	24.04	23.46	23.97	11649281.66
07/28/2020	23.77	23.78	23.32	23.37	8943569.74
07/27/2020	23.66	24.07	23.64	23.86	10236203.70
07/24/2020	23.92	24.20	23.75	23.78	8862566.74
07/23/2020	24.02	24.32	23.64	23.84	15308519.56
07/22/2020	24.17	24.59	24.10	24.42	12628076.63
07/21/2020	23.97	24.20	23.87	24.14	7623830.78
07/20/2020	23.95	24.01	23.63	23.85	8920871.74
07/17/2020	23.88	24.15	23.67	24.05	8843465.74
07/16/2020	23.43	23.96	23.40	23.69	8339486.76
07/15/2020	23.50	23.67	23.13	23.55	13189895.62
07/14/2020	22.69	23.15	22.60	23.11	11623457.66
07/13/2020	22.74	23.32	22.53	22.88	12059444.65
07/10/2020	22.56	22.70	22.39	22.51	11002643.68
07/09/2020	22.76	23.02	22.49	22.62	12826172.63
07/08/2020	22.88	23.08	22.72	23.03	8927261.74
07/07/2020	23.14	23.34	22.78	22.84	8724002.75
07/06/2020	23.24	23.56	23.23	23.42	8323076.76
07/02/2020	23.05	23.29	22.89	22.95	7629731.78
07/01/2020	23.29	23.43	22.62	22.75	9850139.71
06/30/2020	22.72	23.44	22.66	23.25	10864313.68
06/29/2020	22.19	22.84	22.11	22.83	10683326.69
06/26/2020	22.67	22.76	21.79	21.97	28192157.18
06/25/2020	22.44	22.78	22.14	22.74	8755820.75
06/24/2020	22.81	22.95	22.48	22.50	11214986.67
06/23/2020	23.11	23.29	22.92	23.14	9317036.73
06/22/2020	22.58	22.89	22.36	22.87	9679979.72
06/19/2020	23.47	23.49	22.58	22.66	21278057.38
06/18/2020	23.08	23.37	23.03	23.16	8368403.76
06/17/2020	23.69	23.69	23.28	23.30	9176108.73
06/16/2020	24.19	24.19	23.20	23.45	11665334.66
06/15/2020	22.64	23.52	22.48	23.38	11767067.66
06/12/2020	23.50	23.56	22.69	23.19	12513452.64
06/11/2020	23.93	24.13	22.74	22.76	14913152.57
06/10/2020	24.55	24.71	24.12	24.43	12241619.64
06/09/2020	24.52	24.74	24.35	24.55	10312439.70
06/08/2020	24.94	25.33	24.61	24.78	13896062.60
06/05/2020	25.32	25.64	24.98	25.03	17776325.48
06/04/2020	24.70	24.83	24.57	24.68	9409025.73
06/03/2020	24.47	24.96	24.33	24.89	11758397.66
06/02/2020	23.89	24.16	23.71	24.06	9105488.74
06/01/2020	23.66	23.86	23.44	23.62	8249660.76
05/29/2020	23.65	24.12	23.34	23.86	15854435.54
05/28/2020	24.66	24.67	23.57	23.75	16441133.52
05/27/2020	24.26	24.64	24.24	24.53	16760207.51
05/26/2020	23.49	24.05	23.35	24.05	17253740.50
05/22/2020	22.50	22.88	22.47	22.84	8170838.76
05/21/2020	22.70	22.76	22.31	22.60	10073357.71
05/20/2020	22.95	23.27	22.70	22.79	15504221.55
05/19/2020	22.21	22.52	21.99	21.99	13604621.61
05/18/2020	21.50	22.30	21.35	22.13	11988404.65
05/15/2020	20.68	20.87	20.54	20.67	15776963.54
05/14/2020	20.64	21.03	20.00	20.99	11680034.66
05/13/2020	21.36	21.36	20.56	20.78	12432194.64
05/12/2020	22.07	22.07	21.38	21.39	8679509.75
05/11/2020	21.73	22.23	21.71	21.97	9438104.73
05/08/2020	21.58	22.10	21.56	22.04	8490017.75
05/07/2020	21.20	21.47	21.06	21.31	10083845.71
05/06/2020	21.32	21.41	20.84	20.88	15869720.54
05/05/2020	21.45	21.66	21.19	21.26	13025651.62
05/04/2020	21.57	21.57	21.02	21.25	11614391.66
05/01/2020	21.86	21.86	21.52	21.67	22737830.34
04/30/2020	22.34	22.61	22.00	22.08	25137464.27
04/29/2020	22.79	23.09	22.59	22.72	12202757.65
04/28/2020	22.39	22.55	21.94	22.28	18007082.48
04/27/2020	21.83	22.26	21.59	22.14	21595886.37
04/24/2020	20.86	21.33	20.46	21.27	11973719.65
04/23/2020	21.30	21.38	20.43	20.49	13986569.59
04/22/2020	20.22	20.80	19.82	20.30	15823211.54
04/21/2020	19.78	20.10	19.60	19.83	13695536.60
04/20/2020	20.34	20.86	20.09	20.33	14391470.58
04/17/2020	20.97	21.22	20.68	20.92	20512658.41
04/16/2020	20.40	20.40	19.66	20.21	14782373.57
04/15/2020	20.12	20.34	19.97	20.30	9541703.72
04/14/2020	20.71	21.13	20.68	20.85	9734642.72
04/13/2020	21.10	21.29	20.31	20.52	12558212.64
04/09/2020	21.30	21.60	21.03	21.33	15451802.55
04/08/2020	20.74	21.29	20.60	21.17	11314829.67
04/07/2020	21.44	21.61	20.27	20.38	16942334.51
04/06/2020	20.22	20.56	19.74	20.42	19021319.45
04/03/2020	18.87	19.22	18.63	18.92	15815465.54
04/02/2020	18.06	19.04	17.88	18.95	16377350.53
04/01/2020	18.03	18.41	17.75	18.28	14111177.59
03/31/2020	19.24	19.38	18.77	19.10	16775267.51
03/30/2020	18.70	19.42	18.58	19.34	15088034.56
03/27/2020	18.76	19.27	18.34	18.76	16765574.51
03/26/2020	19.04	19.71	18.61	19.52	19098572.45
03/25/2020	18.37	20.19	18.34	18.84	22974557.33
03/24/2020	16.99	18.56	16.50	18.50	22835936.34
03/23/2020	16.48	16.93	15.60	15.89	22894703.34
03/20/2020	18.17	18.39	16.53	16.62	29586029.14
03/19/2020	16.84	18.73	16.26	18.34	18277559.47
03/18/2020	16.89	17.49	16.02	16.99	23636864.31
03/17/2020	16.50	18.31	16.06	18.09	26466197.23
03/16/2020	16.34	17.79	15.85	16.31	33835919.02
03/13/2020	18.83	19.60	18.00	19.31	36819928.93
03/12/2020	17.85	18.80	17.29	17.80	36770188.93
03/11/2020	20.30	20.61	19.35	19.44	32617379.05
03/10/2020	20.77	21.05	19.78	20.96	24699662.28
03/09/2020	20.98	21.24	19.86	20.13	25397180.26
03/06/2020	21.98	22.94	21.91	22.75	15568601.55
03/05/2020	23.31	23.53	22.88	22.99	14684231.57
03/04/2020	23.29	24.08	23.13	24.00	16729007.51
03/03/2020	23.41	24.35	22.85	22.97	24367151.29
03/02/2020	23.44	23.80	22.99	23.58	31954019.07
02/28/2020	23.36	23.65	22.81	23.48	34617119.00
02/27/2020	24.55	25.15	24.06	24.09	26091527.24
02/26/2020	25.38	25.58	24.91	25.10	20588006.40
02/25/2020	26.04	26.21	25.13	25.19	26703374.23
02/24/2020	25.99	26.20	25.87	26.02	22547780.35
02/21/2020	26.63	26.81	26.49	26.52	11560697.66
02/20/2020	26.69	26.87	26.53	26.82	6725831.80
02/19/2020	26.60	26.75	26.53	26.72	6755315.80
02/18/2020	26.45	26.70	26.33	26.50	8205164.76
02/14/2020	26.56	26.65	26.38	26.53	7025078.80
02/13/2020	26.43	26.66	26.30	26.61	7331357.79
02/12/2020	26.36	26.50	26.15	26.50	8284832.76
02/11/2020	26.32	26.48	26.14	26.17	8935226.74
02/10/2020	25.80	26.30	25.77	26.29	9853661.71
02/07/2020	26.31	26.40	25.89	25.96	9293063.73
02/06/2020	26.17	26.22	25.93	26.11	6786302.80
02/05/2020	26.27	26.27	25.97	26.06	10797140.69
02/04/2020	26.08	26.18	25.85	25.92	8813471.74
02/03/2020	25.73	25.86	25.56	25.70	10319033.70
01/31/2020	25.76	25.79	25.29	25.45	13946960.60
01/30/2020	25.47	25.95	25.45	25.93	9677378.72
01/29/2020	25.58	26.13	25.50	25.84	14833703.57
01/28/2020	25.24	25.54	25.10	25.41	10960067.68
01/27/2020	25.00	25.28	24.87	25.06	11033828.68
01/24/2020	25.56	25.68	25.35	25.57	10812149.69
01/23/2020	24.85	25.57	24.65	25.55	13105799.62
01/22/2020	25.04	25.06	24.74	24.87	12779738.63
01/21/2020	25.24	25.35	24.88	24.94	14781575.57
01/17/2020	25.17	25.73	25.06	25.47	31340459.09
01/16/2020	25.22	25.62	25.22	25.58	21106625.39
01/15/2020	24.84	25.19	24.79	25.00	14355569.58
01/14/2020	24.83	25.11	24.74	24.89	9250034.73
01/13/2020	24.46	24.92	24.38	24.90	10656401.69
01/10/2020	24.57	24.62	24.42	24.45	6109580.82
01/09/2020	24.47	24.58	24.41	24.58	6462905.81
01/08/2020	24.49	24.61	24.36	24.46	8612585.75
01/07/2020	24.23	24.51	24.05	24.33	14361050.58
01/06/2020	24.06	24.25	23.91	24.17	14636456.58
01/03/2020	24.00	24.31	23.88	24.30	9979022.71
01/02/2020	24.27	24.40	24.08	24.40	8490536.75
12/31/2019	24.06	24.26	24.03	24.12	6238421.82
12/30/2019	24.28	24.33	24.03	24.11	5676698.84
12/27/2019	24.31	24.37	24.20	24.28	6152615.82
12/26/2019	24.33	24.41	24.13	24.29	5034023.85
12/24/2019	24.29	24.37	24.26	24.33	2587010.92
12/23/2019	24.30	24.41	24.16	24.24	11421452.67
12/20/2019	24.19	24.41	24.05	24.39	35541478.97
12/19/2019	24.29	24.40	24.10	24.20	9977213.71
12/18/2019	24.10	24.53	24.04	24.31	14110832.59
12/17/2019	24.24	24.49	23.90	24.03	23308892.32
12/16/2019	24.39	24.52	24.24	24.26	9321680.73
12/13/2019	24.19	24.37	23.88	24.26	14104733.59
12/12/2019	23.86	24.47	23.74	24.09	19882775.42
12/11/2019	23.61	23.93	23.51	23.91	15489077.55
12/10/2019	23.30	23.53	23.14	23.47	10450889.70
12/09/2019	23.68	23.69	23.43	23.47	11405459.67
12/06/2019	23.76	23.98	23.71	23.76	13095227.62
12/05/2019	23.52	23.58	23.27	23.55	14498933.58
12/04/2019	23.38	23.57	23.29	23.48	14705960.57
12/03/2019	23.19	23.25	22.70	23.24	22176560.36
12/02/2019	23.81	23.91	23.33	23.34	13358222.61
11/29/2019	23.87	23.96	23.75	23.85	4502840.87
11/27/2019	23.90	24.00	23.81	23.96	5918450.83
11/26/2019	23.89	24.14	23.81	23.98	13686329.60
11/25/2019	23.46	23.98	23.37	23.93	10466600.70
11/22/2019	23.05	23.53	23.05	23.50	7578062.78
11/21/2019	23.20	23.29	23.06	23.13	8387918.76
11/20/2019	23.52	23.55	23.14	23.19	10097984.71
11/19/2019	23.85	23.85	23.63	23.67	7097729.79
11/18/2019	23.72	23.84	23.59	23.67	13538873.61
11/15/2019	24.10	24.10	23.79	23.87	8582807.75
11/14/2019	23.98	24.04	23.81	23.95	4819259.86
11/13/2019	24.07	24.12	23.92	23.98	7421405.79
11/12/2019	24.51	24.54	24.18	24.25	8154677.76
11/11/2019	24.55	24.68	24.41	24.63	4008005.88
11/08/2019	24.69	24.74	24.53	24.68	6776516.80
11/07/2019	24.64	24.91	24.59	24.69	10401749.70
11/06/2019	24.60	24.60	24.26	24.55	9375854.73
11/05/2019	24.44	24.78	24.39	24.63	10254788.70
11/04/2019	24.23	24.51	24.12	24.50	12687104.63
11/01/2019	23.65	24.10	23.50	24.09	13942001.60
10/31/2019	23.58	23.68	23.21	23.42	11595533.66
10/30/2019	23.63	23.76	23.35	23.68	8098670.76
10/29/2019	23.70	23.81	23.56	23.61	11802869.66
10/28/2019	24.18	24.20	23.77	23.84	16538036.52
10/25/2019	23.98	24.16	23.86	24.11	8026400.77
10/24/2019	24.18	24.25	23.75	23.89	9241892.73
10/23/2019	24.00	24.14	23.85	24.09	21241745.38
10/22/2019	23.59	24.11	23.33	24.10	22920542.34
10/21/2019	22.97	23.60	22.97	23.58	26106080.24
10/18/2019	22.85	23.07	22.77	22.89	60796738.24
10/17/2019	23.65	24.04	23.18	23.26	34647149.00
10/16/2019	23.31	23.31	22.84	23.00	14001800.59
10/15/2019	22.85	23.20	22.80	23.06	12674867.63
10/14/2019	22.87	22.98	22.67	22.85	11892089.66
10/11/2019	22.67	23.21	22.52	23.02	13197593.62
10/10/2019	22.08	22.34	22.07	22.31	18769250.46
10/09/2019	22.06	22.29	22.01	22.07	12130628.65
10/08/2019	22.02	22.27	21.88	21.95	12186413.65
10/07/2019	22.19	22.47	22.08	22.26	10561394.69
10/04/2019	22.11	22.34	21.98	22.24	19607090.43
10/03/2019	22.04	22.41	21.79	22.32	14905391.57
10/02/2019	22.20	22.44	22.03	22.09	20860607.40
10/01/2019	23.20	23.33	22.23	22.34	16023458.54
09/30/2019	22.98	23.31	22.98	23.09	9413042.73
09/27/2019	23.23	23.33	22.85	22.97	7793228.77
09/26/2019	22.96	23.25	22.89	23.14	8890076.74
09/25/2019	22.95	23.06	22.74	22.96	9331175.73
09/24/2019	23.07	23.46	22.78	22.88	16192445.53
09/23/2019	22.87	23.02	22.66	22.95	12431183.64
09/20/2019	23.57	23.67	22.81	22.87	40212868.83
09/19/2019	23.78	23.82	23.52	23.60	8573222.75
09/18/2019	23.64	23.75	23.36	23.72	11034413.68
09/17/2019	24.12	24.12	23.58	23.73	9357287.73
09/16/2019	23.90	24.28	23.85	24.13	15569912.55
09/13/2019	23.99	24.25	23.99	24.16	16533986.52
09/12/2019	23.68	23.94	23.49	23.85	20018765.42
09/11/2019	23.56	23.74	23.25	23.66	24364700.29
09/10/2019	23.01	23.60	23.01	23.56	19832039.42
09/09/2019	22.64	23.02	22.51	23.02	14672492.57
09/06/2019	22.81	22.86	22.38	22.51	16259765.53
09/05/2019	22.67	22.93	22.65	22.69	17301704.50
09/04/2019	22.18	22.52	22.18	22.50	18197741.47
09/03/2019	22.11	22.24	21.81	22.12	11383886.67
08/30/2019	22.38	22.56	22.30	22.34	11693060.66
08/29/2019	21.97	22.33	21.95	22.17	14009741.59
08/28/2019	21.42	21.80	21.36	21.80	11109656.68
08/27/2019	21.84	21.88	21.47	21.47	10580813.69
08/26/2019	21.75	21.88	21.51	21.68	11855960.66
08/23/2019	21.90	22.08	21.42	21.54	15991649.54
08/22/2019	21.91	22.25	21.80	22.05	16617779.52
08/21/2019	21.74	21.86	21.62	21.78	10250954.70
08/20/2019	21.69	21.78	21.58	21.60	9933992.71
08/19/2019	22.04	22.14	21.72	21.76	10706921.69
08/16/2019	21.68	21.83	21.55	21.70	11607155.66
08/15/2019	21.53	21.63	21.32	21.47	9139391.73
08/14/2019	21.81	21.96	21.49	21.53	13392170.61
08/13/2019	21.81	22.40	21.72	22.12	15221045.56
08/12/2019	22.01	22.08	21.75	21.94	13603475.61
08/09/2019	22.07	22.28	21.99	22.19	11877662.66
08/08/2019	21.94	22.32	21.91	22.25	10826300.69
08/07/2019	21.74	22.10	21.60	21.96	22192145.36
08/06/2019	21.89	22.28	21.75	22.16	16497929.52
08/05/2019	21.98	21.98	21.54	21.70	24290375.30
08/02/2019	22.55	22.58	22.14	22.37	18967280.45
08/01/2019	23.32	23.47	22.43	22.59	23556587.32
07/31/2019	23.49	23.75	23.24	23.47	19799336.43
07/30/2019	23.02	23.45	22.97	23.40	13571540.61
07/29/2019	22.93	23.31	22.92	23.21	12546812.64
07/26/2019	23.17	23.25	22.95	22.99	17419214.49
07/25/2019	23.00	23.38	22.89	23.17	18660638.46
07/24/2019	23.06	23.45	22.76	23.07	23083466.33
07/23/2019	23.78	23.78	23.24	23.31	20503517.41
07/22/2019	23.40	23.71	23.33	23.64	17126735.50
07/19/2019	24.00	24.22	23.40	23.44	23911769.31
07/18/2019	23.81	23.98	23.17	23.94	41015308.81
07/17/2019	24.45	24.55	23.35	23.79	103769457.00
07/16/2019	26.13	26.74	26.13	26.52	25891685.25
07/15/2019	26.18	26.20	25.98	26.17	10299371.70
07/12/2019	25.83	26.25	25.78	26.19	10250795.70
07/11/2019	25.55	25.93	25.46	25.75	8189960.76
07/10/2019	25.63	25.71	25.43	25.53	9113780.74
07/09/2019	25.66	25.68	25.44	25.57	10184474.70
07/08/2019	26.03	26.08	25.63	25.74	8682821.75
07/05/2019	26.08	26.18	25.80	26.13	7467710.78
07/03/2019	26.12	26.31	26.11	26.23	3918470.89
07/02/2019	26.17	26.20	25.91	26.09	8983505.74
07/01/2019	26.19	26.47	26.02	26.21	10456055.70
06/28/2019	25.60	25.89	25.47	25.79	13873754.60
06/27/2019	25.40	25.72	25.40	25.48	6834056.80
06/26/2019	25.46	25.59	25.39	25.39	8106716.76
06/25/2019	25.88	25.94	25.29	25.36	13604399.61
06/24/2019	26.22	26.27	25.78	25.84	8069000.77
06/21/2019	26.30	26.57	26.21	26.22	15156284.56
06/20/2019	26.16	26.43	26.07	26.35	15308576.56
06/19/2019	25.88	25.95	25.54	25.80	7638782.78
06/18/2019	25.80	26.12	25.66	25.91	10408475.70
06/17/2019	25.70	25.80	25.53	25.57	8949695.74
06/14/2019	25.90	25.98	25.59	25.72	8396825.76
06/13/2019	26.10	26.10	25.78	25.88	11366288.67
06/12/2019	26.18	26.30	26.04	26.08	8306516.76
06/11/2019	26.38	26.57	26.02	26.20	7960541.77
06/10/2019	26.13	26.46	26.00	26.22	7642769.78
06/07/2019	25.98	26.15	25.89	26.02	7832936.77
06/06/2019	26.06	26.13	25.70	25.84	9966686.71
06/05/2019	25.58	26.13	25.57	26.01	14114054.59
06/04/2019	25.05	25.57	25.03	25.55	13176659.62
06/03/2019	24.84	25.18	24.74	24.84	13186481.62
05/31/2019	24.69	25.01	24.50	24.82	17480921.49
05/30/2019	24.65	25.08	24.60	25.00	13039265.62
05/29/2019	24.58	24.74	24.40	24.65	16341122.53
05/28/2019	25.13	25.22	24.79	24.84	22530632.35
05/24/2019	25.26	25.30	24.84	24.97	13645835.60
05/23/2019	25.50	25.53	24.93	25.13	24498344.29
05/22/2019	26.05	26.05	25.77	25.81	11738510.66
05/21/2019	26.12	26.23	25.98	26.11	24703865.28
05/20/2019	26.00	26.18	25.84	26.02	8156306.76
05/17/2019	25.96	26.26	25.81	26.13	10568150.69
05/16/2019	25.86	26.19	25.78	26.07	10867724.68
05/15/2019	25.86	26.17	25.78	25.80	12555683.64
05/14/2019	25.65	26.26	25.63	26.08	9666293.72
05/13/2019	25.73	25.86	25.47	25.59	14757293.57
05/10/2019	25.97	26.31	25.59	26.23	8969996.74
05/09/2019	25.86	26.12	25.64	26.06	8523074.75
05/08/2019	26.09	26.37	26.00	26.07	9931736.71
05/07/2019	26.40	26.41	25.75	26.09	16264796.53
05/06/2019	26.37	26.77	26.35	26.69	8651864.75
05/03/2019	26.44	26.91	26.38	26.84	7391999.79
05/02/2019	26.33	26.39	26.02	26.30	8423936.76
05/01/2019	26.52	26.60	26.31	26.38	10839272.69
04/30/2019	26.45	26.61	26.17	26.54	10522868.69
04/29/2019	26.36	26.52	26.24	26.46	8044904.77
04/26/2019	26.22	26.44	26.21	26.39	8909336.74
04/25/2019	26.29	26.35	26.01	26.18	9123431.73
04/24/2019	26.36	26.79	26.36	26.44	11260739.67
04/23/2019	26.27	26.36	26.07	26.34	10312577.70
04/22/2019	26.23	26.42	26.07	26.27	10434593.70
04/18/2019	26.61	26.61	26.16	26.32	18888335.45
04/17/2019	26.47	26.84	26.23	26.31	24583934.29
04/16/2019	25.37	25.44	25.19	25.30	10316894.70
04/15/2019	25.47	25.55	25.18	25.29	11035910.68
04/12/2019	25.26	25.61	25.18	25.55	11161793.68
04/11/2019	25.07	25.17	24.96	25.13	6002198.83
04/10/2019	24.94	25.08	24.75	25.02	7667171.78
04/09/2019	25.03	25.11	24.70	24.90	13069067.62
04/08/2019	24.85	25.25	24.79	25.21	12559289.64
04/05/2019	24.92	25.08	24.73	24.81	13231427.62
04/04/2019	25.01	25.08	24.86	24.93	23358872.32
04/03/2019	25.44	25.53	25.03	25.07	21575801.37
04/02/2019	25.64	25.72	25.37	25.39	10810898.69
04/01/2019	25.12	25.59	25.04	25.57	14290877.59
03/29/2019	24.97	25.05	24.89	24.94	11731076.66
03/28/2019	24.52	24.83	24.47	24.81	9661559.72
03/27/2019	24.31	24.52	24.23	24.47	5966780.83
03/26/2019	24.40	24.53	24.16	24.35	8594843.75
03/25/2019	24.08	24.42	24.08	24.25	8603537.75
03/22/2019	24.48	24.50	24.14	24.17	9971921.71
03/21/2019	24.11	24.60	24.08	24.55	6540770.81
03/20/2019	24.27	24.55	24.12	24.27	14347856.58
03/19/2019	24.68	24.79	24.27	24.32	13514261.61
03/18/2019	24.46	24.71	24.27	24.62	11989304.65
03/15/2019	24.29	24.57	24.20	24.27	40900678.81
03/14/2019	24.70	24.72	24.26	24.33	12828683.63
03/13/2019	24.35	24.80	24.18	24.66	14249486.59
03/12/2019	24.37	24.45	24.09	24.22	16727312.51
03/11/2019	23.88	24.32	23.74	24.32	13271171.62
03/08/2019	23.82	23.94	23.52	23.92	16813832.51
03/07/2019	23.94	24.09	23.87	24.01	17881406.48
03/06/2019	23.98	24.14	23.83	24.02	16138535.53
03/05/2019	24.31	24.38	24.14	24.15	11401199.67
03/04/2019	24.27	24.51	24.06	24.28	12434594.64
03/01/2019	24.43	24.45	24.13	24.15	14716403.57
02/28/2019	24.16	24.29	24.10	24.22	15549239.55
02/27/2019	24.11	24.30	24.02	24.22	10802807.69
02/26/2019	24.26	24.41	24.21	24.25	20600663.40
02/25/2019	24.49	24.50	24.25	24.27	15393857.55
02/22/2019	24.22	24.45	24.21	24.44	8269400.76
02/21/2019	24.45	24.47	24.09	24.19	9765950.72
02/20/2019	24.20	24.44	24.20	24.42	11590733.66
02/19/2019	23.78	24.29	23.74	24.17	14123765.59
02/15/2019	24.07	24.21	23.84	24.18	17421485.49
02/14/2019	23.56	23.95	23.53	23.88	9740381.72
02/13/2019	23.78	23.84	23.59	23.71	13932794.60
02/12/2019	23.33	23.74	23.29	23.71	16452095.52
02/11/2019	23.00	23.50	22.98	23.07	18703982.46
02/08/2019	22.58	22.92	22.56	22.92	13010231.62
02/07/2019	22.56	22.81	22.47	22.74	14533130.58
02/06/2019	22.69	22.81	22.62	22.70	16152917.53
02/05/2019	22.46	22.76	22.18	22.76	18077558.48
02/04/2019	22.02	22.49	22.02	22.47	15569117.55
02/01/2019	21.87	22.17	21.80	22.07	13041944.62
01/31/2019	22.14	22.14	21.79	21.90	17815337.48
01/30/2019	21.88	22.22	21.77	22.10	18750902.46
01/29/2019	21.95	22.03	21.78	21.81	13223945.62
01/28/2019	21.79	21.97	21.67	21.87	12826679.63
01/25/2019	21.85	22.32	21.77	22.07	24131273.30
01/24/2019	21.85	21.90	21.54	21.68	21290087.38
01/23/2019	22.03	22.14	21.37	21.69	15826358.54
01/22/2019	22.37	22.42	21.81	21.94	18841244.45
01/18/2019	21.80	22.59	21.79	22.45	23062931.33
01/17/2019	21.32	21.75	21.05	21.70	33753419.02
01/16/2019	21.72	21.89	21.61	21.79	17377493.50
01/15/2019	21.76	21.81	21.44	21.70	12534329.64
01/14/2019	21.63	21.85	21.57	21.76	13432325.61
01/11/2019	21.49	21.86	21.44	21.74	11508569.67
01/10/2019	21.27	21.66	21.12	21.56	16212158.53
01/09/2019	21.24	21.43	21.04	21.33	13292147.61
01/08/2019	21.26	21.39	20.88	21.12	15237851.56
01/07/2019	20.81	21.02	20.45	20.82	18787397.46
01/04/2019	20.33	20.94	20.18	20.93	18543455.46
01/03/2019	20.45	20.60	20.12	20.33	23527130.32
01/02/2019	20.25	20.75	20.01	20.65	15039269.56
12/31/2018	20.83	20.92	20.51	20.71	10335122.70
12/28/2018	20.84	20.99	20.58	20.69	10248164.70
12/27/2018	20.30	20.70	19.88	20.69	12512447.64
12/26/2018	19.72	20.58	19.49	20.57	15203288.56
12/24/2018	20.14	20.17	19.56	19.59	9111923.74
12/21/2018	20.61	20.91	20.15	20.23	30012869.13
12/20/2018	20.63	20.81	20.28	20.54	25473383.26
12/19/2018	21.19	21.85	20.57	20.68	21965621.36
12/18/2018	21.72	21.91	21.11	21.30	19406303.44
12/17/2018	21.82	21.85	21.35	21.56	26527202.23
12/14/2018	22.76	22.76	21.86	21.94	17166551.50
12/13/2018	23.10	23.21	22.65	22.95	13566524.61
12/12/2018	23.09	23.46	22.95	22.96	16614350.52
12/11/2018	23.17	23.30	22.55	22.70	11162090.68
12/10/2018	22.57	22.86	22.14	22.77	15786131.54
12/07/2018	23.14	23.47	22.66	22.68	24647621.29
12/06/2018	23.11	23.28	22.74	23.27	27346181.21
12/04/2018	24.41	24.49	23.48	23.53	20458802.41
12/03/2018	24.60	24.63	24.27	24.38	25546772.26
11/30/2018	23.92	24.36	23.88	24.21	20461796.41
11/29/2018	24.05	24.23	23.85	23.92	11766008.66
11/28/2018	23.47	24.26	23.37	24.25	15327176.56
11/27/2018	23.32	23.58	23.29	23.47	12150632.65
11/26/2018	23.46	23.69	23.39	23.47	10809596.69
11/23/2018	23.13	23.41	23.00	23.26	6587774.81
11/21/2018	23.18	23.56	23.11	23.40	10805114.69
11/20/2018	23.95	24.05	22.98	23.07	20650910.40
11/19/2018	24.14	24.27	23.75	24.03	22419440.35
11/16/2018	24.08	24.54	23.99	24.20	13983062.59
11/15/2018	23.29	24.17	23.16	24.07	15659606.55
11/14/2018	23.71	23.95	23.37	23.50	16729013.51
11/13/2018	23.37	23.78	23.21	23.43	13707662.60
11/12/2018	23.55	23.76	23.17	23.21	12120542.65
11/09/2018	23.69	23.84	23.29	23.55	16848536.51
11/08/2018	24.01	24.26	23.74	23.89	11694227.66
11/07/2018	23.73	24.16	23.58	24.10	16020797.54
11/06/2018	23.04	23.49	23.02	23.46	13173704.62
11/05/2018	23.25	23.38	23.03	23.03	16387853.52
11/02/2018	23.35	23.50	22.86	23.06	15764201.54
11/01/2018	23.04	23.30	22.96	23.20	17722589.49
10/31/2018	23.22	23.33	22.94	22.95	23142563.33
10/30/2018	21.99	22.99	21.98	22.94	24469952.29
10/29/2018	22.32	22.50	21.55	21.90	23476265.32
10/26/2018	21.35	22.17	21.22	21.97	18998261.45
10/25/2018	22.05	22.49	21.92	22.13	21255149.38
10/24/2018	22.28	22.57	21.94	21.97	23812880.31
10/23/2018	22.32	22.44	21.91	22.27	23575598.32
10/22/2018	22.59	22.98	22.45	22.77	20346134.41
10/19/2018	22.92	23.09	22.61	22.65	29726375.14
10/18/2018	23.46	23.52	22.82	22.88	32648159.05
10/17/2018	24.33	24.35	23.28	23.57	32293439.06
10/16/2018	23.72	24.15	23.59	24.07	27233420.21
10/15/2018	23.36	23.73	23.31	23.62	16469783.52
10/12/2018	23.54	23.78	23.26	23.40	23339993.32
10/11/2018	23.15	23.52	22.87	22.92	34414799.00
10/10/2018	24.85	24.87	23.18	23.19	32506079.06
10/09/2018	25.03	25.11	24.85	24.87	17420258.49
10/08/2018	24.82	25.00	24.46	24.92	11721731.66
10/05/2018	25.22	25.22	24.66	24.85	13015415.62
10/04/2018	25.01	25.13	24.59	24.89	13570217.61
10/03/2018	24.88	25.22	24.81	25.00	12136997.65
10/02/2018	25.03	25.03	24.71	24.78	14474243.58
10/01/2018	24.79	25.12	24.78	25.01	12463313.64
09/28/2018	24.67	24.80	24.59	24.68	9373331.73
09/27/2018	24.74	24.96	24.42	24.74	8328449.76
09/26/2018	24.49	24.83	24.48	24.63	12197918.65
09/25/2018	24.51	24.56	24.33	24.44	11865092.66
09/24/2018	24.53	24.65	24.35	24.43	14310347.58
09/21/2018	24.25	24.71	24.23	24.66	54875188.41
09/20/2018	24.75	24.84	24.31	24.35	15951320.54
09/19/2018	24.76	24.90	24.63	24.66	16577834.52
09/18/2018	24.65	24.88	24.52	24.70	15438602.55
09/17/2018	24.54	24.62	24.40	24.45	13281149.61
09/14/2018	24.43	24.71	24.32	24.49	12329606.64
09/13/2018	24.67	24.71	24.30	24.39	15527297.55
09/12/2018	24.72	24.92	24.64	24.71	10587782.69
09/11/2018	24.76	24.90	24.55	24.70	15547658.55
09/10/2018	24.69	24.93	24.55	24.77	15406445.55
09/07/2018	24.58	24.79	24.53	24.54	15774914.54
09/06/2018	24.72	24.97	24.67	24.69	13761407.60
09/05/2018	24.64	24.89	24.47	24.77	14278157.59
09/04/2018	24.72	24.96	24.68	24.95	17746142.49
08/31/2018	24.63	24.83	24.60	24.72	14774174.57
08/30/2018	24.78	24.90	24.64	24.74	12687638.63
08/29/2018	25.12	25.17	24.90	24.94	10176344.70
08/28/2018	25.31	25.41	25.02	25.07	9406820.73
08/27/2018	25.00	25.21	24.95	25.17	10892900.68
08/24/2018	24.67	25.00	24.66	24.88	12876161.63
08/23/2018	24.63	24.85	24.58	24.65	13247534.62
08/22/2018	24.79	24.90	24.57	24.58	9284525.73
08/21/2018	24.61	25.05	24.60	24.90	14810447.57
08/20/2018	24.63	24.92	24.56	24.59	18277769.47
08/17/2018	24.51	24.70	24.41	24.56	10659833.69
08/16/2018	24.46	24.56	24.22	24.48	15801257.54
08/15/2018	24.31	24.52	24.21	24.39	14186945.59
08/14/2018	24.28	24.66	24.28	24.57	15936764.54
08/13/2018	24.15	24.35	24.10	24.20	11654423.66
08/10/2018	23.84	24.26	23.84	24.13	10072685.71
08/09/2018	24.24	24.29	24.02	24.06	10171694.71
08/08/2018	24.20	24.28	24.06	24.18	9410216.73
08/07/2018	24.11	24.30	24.07	24.20	9259835.73
08/06/2018	23.79	24.14	23.77	24.05	15274844.56
08/03/2018	23.71	23.81	23.48	23.75	12797936.63
08/02/2018	23.36	23.79	23.36	23.70	14706038.57
08/01/2018	23.58	23.72	23.38	23.54	12787511.63
07/31/2018	23.49	23.75	23.47	23.56	24276248.30
07/30/2018	23.44	23.75	23.39	23.43	20031740.42
07/27/2018	23.62	23.75	23.31	23.42	17736227.49
07/26/2018	23.89	24.07	23.57	23.63	13581383.61
07/25/2018	23.01	23.69	22.93	23.65	19965374.42
07/24/2018	23.32	23.63	22.93	23.05	27708722.20
07/23/2018	22.91	23.48	22.91	23.43	18604328.46
07/20/2018	22.91	23.30	22.86	23.15	25995962.25
07/19/2018	22.84	23.18	22.24	23.05	32689949.05
07/18/2018	22.22	23.04	22.10	23.00	49733968.56
07/17/2018	21.25	21.53	21.08	21.48	26122670.24
07/16/2018	21.63	21.74	21.10	21.33	24953711.28
07/13/2018	21.54	21.79	21.49	21.57	14811026.57
07/12/2018	21.79	21.86	21.49	21.56	19043990.45
07/11/2018	21.90	21.90	21.45	21.60	12486014.64
07/10/2018	22.23	22.23	21.76	22.02	11245166.67
07/09/2018	21.77	22.22	21.76	22.17	13605731.61
07/06/2018	21.53	21.77	21.39	21.67	8359934.76
07/05/2018	21.43	21.54	21.29	21.45	11056028.68
07/03/2018	21.47	21.56	21.25	21.28	5216387.85
07/02/2018	21.18	21.50	21.09	21.42	9558488.72
06/29/2018	21.31	21.52	21.22	21.26	15006833.56
06/28/2018	21.29	21.37	20.91	21.20	15881537.54
06/27/2018	21.39	21.81	21.26	21.26	15345623.55
06/26/2018	21.33	21.52	21.33	21.39	10959032.68
06/25/2018	21.56	21.64	21.15	21.36	14053340.59
06/22/2018	21.56	21.74	21.52	21.59	25936949.25
06/21/2018	21.58	21.65	21.29	21.35	14091197.59
06/20/2018	21.67	21.73	21.53	21.62	10010972.71
06/19/2018	21.76	21.84	21.57	21.61	17902907.48
06/18/2018	22.01	22.18	21.95	22.04	10431929.70
06/15/2018	21.99	22.26	21.75	22.22	24099716.30
06/14/2018	22.13	22.21	21.88	21.96	12164867.65
06/13/2018	22.25	22.36	21.95	22.04	14660768.57
06/12/2018	22.42	22.56	22.22	22.25	12632225.63
06/11/2018	22.36	22.55	22.20	22.43	15370556.55
06/08/2018	21.97	22.38	21.92	22.36	15488228.55
06/07/2018	21.78	21.93	21.70	21.92	16922975.51
06/06/2018	21.58	21.78	21.38	21.78	8592800.75
06/05/2018	21.56	21.65	21.25	21.56	10730843.69
06/04/2018	21.87	21.94	21.46	21.56	11710610.66
06/01/2018	21.74	21.98	21.71	21.81	13277264.61
05/31/2018	21.85	21.97	21.49	21.55	20043629.42
05/30/2018	21.46	21.98	21.43	21.88	14168354.59
05/29/2018	21.37	21.49	21.21	21.41	11384513.67
05/25/2018	21.48	21.61	21.44	21.56	11542904.67
05/24/2018	21.21	21.55	21.18	21.48	11096969.68
05/23/2018	21.00	21.20	20.87	21.18	9172079.73
05/22/2018	21.37	21.51	21.14	21.16	10342790.70
05/21/2018	21.35	21.56	21.30	21.34	9582638.72
05/18/2018	21.18	21.33	21.04	21.25	8107151.76
05/17/2018	21.03	21.36	21.01	21.17	9158723.73
05/16/2018	20.88	21.21	20.87	21.09	13426880.61
05/15/2018	20.78	20.94	20.63	20.87	9943193.71
05/14/2018	21.26	21.26	20.90	20.97	10257377.70
05/11/2018	20.99	21.29	20.93	21.03	13797650.60
05/10/2018	20.93	21.01	20.69	20.94	12987635.62
05/09/2018	20.29	20.82	20.21	20.75	18455666.46
05/08/2018	20.11	20.39	20.05	20.19	15062819.56
05/07/2018	20.09	20.25	20.04	20.17	10868282.68
05/04/2018	19.56	20.14	19.52	19.99	12558323.64
05/03/2018	19.70	19.84	19.32	19.70	16839584.51
05/02/2018	19.88	20.13	19.74	19.79	15434393.55
05/01/2018	19.76	20.03	19.68	19.95	14810666.57
04/30/2018	20.19	20.36	19.79	19.80	15686744.55
04/27/2018	19.67	20.12	19.67	20.09	13304819.61
04/26/2018	19.84	20.08	19.62	19.75	20096822.42
04/25/2018	19.76	20.06	19.64	20.00	18171935.47
04/24/2018	20.21	20.37	19.52	19.73	15606194.55
04/23/2018	20.06	20.23	19.98	20.11	17986697.48
04/20/2018	20.33	20.50	19.98	20.01	16460165.52
04/19/2018	20.37	20.47	20.11	20.40	22507223.35
04/18/2018	19.73	20.39	19.73	20.34	60880921.23
04/17/2018	18.83	19.05	18.70	18.86	20811014.40
04/16/2018	18.73	18.89	18.65	18.80	25865528.25
04/13/2018	18.78	18.87	18.46	18.53	14869139.57
04/12/2018	18.47	18.82	18.41	18.70	22339640.35
04/11/2018	18.32	18.45	18.22	18.34	14855522.57
04/10/2018	18.44	18.60	18.33	18.42	15643520.55
04/09/2018	18.21	18.48	18.12	18.14	13813622.60
04/06/2018	18.35	18.45	17.84	18.12	16215878.53
04/05/2018	18.59	18.68	18.34	18.53	14774069.57
04/04/2018	18.28	18.58	18.13	18.49	18138551.47
