CSX 1009

04/04/2022	35.42	35.665	34.84	35.61	11727150
04/01/2022	37.76	37.775	35.24	35.51	21039279
03/31/22	37.83	38.055	37.44	37.45	16183720
03/30/22	37.75	37.99	37.42	37.8	8796946
03/29/22	37.72	37.845	37.16	37.68	15244560
03/28/22	36.885	37.56	36.62	37.53	15776350
03/25/22	36.72	36.94	36.45	36.92	8588795
03/24/22	36.57	37.04	36.345	36.68	11401930
03/23/22	36.77	36.93	36.335	36.39	19368830
03/22/22	36.9	37.05	36.49	36.78	20471971
03/21/22	36.08	37.09	36.08	36.86	15313810
03/18/22	36.26	36.35	35.92	36.31	23024131
03/17/22	36.05	36.325	35.335	36.3	17775150
03/16/22	34.65	35.62	34.45	35.61	23601090
03/15/22	34.63	34.8	33.985	34.36	24581359
03/14/22	34.79	35.02	34.02	34.23	14321460
03/11/2022	35.295	35.59	34.63	34.69	21957301
03/10/2022	34.28	35.14	33.88	34.89	24267689
03/09/2022	35.69	35.73	34.265	34.61	21741830
03/08/2022	36.72	37.28	34.94	34.99	27806080
03/07/2022	37.21	38.63	36.96	37.01	25773990
03/04/2022	35.04	37.48	34.92	37.43	30152570
03/03/2022	34.7	35.9	34.7	35.29	20974971
03/02/2022	33.5	34.75	33.36	34.61	15046000
03/01/2022	33.77	34.255	33.17	33.34	17105010
02/28/22	33.7	34.08	33.465	33.91	18286699
02/25/22	33.67	34.5	33.56	34.31	11361600
02/24/22	33.17	33.65	32.72	33.6	13506000
02/23/22	34.37	34.52	33.34	33.4	13017110
02/22/22	34.84	35.1	34.07	34.24	20566760
02/18/22	35.05	35.395	34.61	34.66	14074440
02/17/22	35	35.415	34.89	35.1	14982960
02/16/22	34.678	35.27	34.47	35.17	10911390
02/15/22	34.25	34.97	34.25	34.55	18213311
02/14/22	33.42	34.04	33.37	33.92	14018240
02/11/2022	33.92	34.19	33.105	33.37	12043650
02/10/2022	34.01	34.66	33.805	33.99	10937670
02/09/2022	34.21	34.82	34.18	34.74	11172990
02/08/2022	33.78	34.505	33.66	34.11	13581220
02/07/2022	34.42	34.525	33.5	33.65	12304880
02/04/2022	34.08	34.55	33.95	34.3	13627170
02/03/2022	34.87	35.29	34.54	34.61	13095620
02/02/2022	34.72	35.28	34.62	35.21	10085560
02/01/2022	34.24	34.77	34.22	34.72	12299610
01/31/22	33.8893	34.365	33.8893	34.22	14354800
01/28/22	33.54	34.46	33.21	34.43	15047490
01/27/22	33.9	34.15	33.39	33.56	16046280
01/26/22	33.954	34.82	33.36	33.65	21782510
01/25/22	33.65	34.01	33.15	33.72	19911869
01/24/22	34.44	34.5	33.39	34.36	29000320
01/21/22	35.048	35.14	33.41	34.1	34378809
01/20/22	34.92	36.115	34.92	35.24	18196580
01/19/22	35.33	35.56	34.96	35.25	17662350
01/18/22	36.052	36.09	35.07	35.25	20631529
01/14/22	36.43	36.74	36.21	36.44	13695680
01/13/22	36.68	36.98	36.58	36.74	9293110
01/12/2022	36.43	36.7399	36.255	36.64	11545030
01/11/2022	36.55	36.6	35.472	36.3	15075370
01/10/2022	37.58	37.6	36.29	36.54	16150480
01/07/2022	37.58	37.78	37.33	37.51	9770255
01/06/2022	37.48	37.87	37.265	37.71	10031390
01/05/2022	37.71	37.92	37.4	37.44	9791152
01/04/2022	37.11	38.01	37.08	37.63	8150986
01/03/2022	37.46	37.74	36.845	37.08	8723007
12/31/21	37.26	37.82	37.16	37.6	6413499
12/30/21	37.41	37.67	37.2	37.32	6479637
12/29/21	37.42	37.755	37.32	37.58	5866602
12/28/21	37.16	37.605	37.16	37.42	5301977
12/27/21	36.86	37.27	36.825	37.19	6070317
12/23/21	36.3	36.94	36.13	36.79	11146120
12/22/21	35.96	36.1	35.815	36.08	6111497
12/21/21	35.61	36.105	35.55	35.95	9657165
12/20/21	35.2	35.44	34.94	35.31	11861850
12/17/21	36.475	36.55	35.63	35.72	29595689
12/16/21	36.37	36.9	36.37	36.57	11190480
12/15/21	36.28	36.535	35.89	36.47	11198430
12/14/21	35.83	36.295	35.71	35.92	11096900
12/13/21	36.78	36.92	35.965	36.01	14655240
12/10/2021	36.95	36.98	36.54	36.74	12150710
12/09/2021	36.81	37.05	36.545	36.61	10872790
12/08/2021	37.16	37.29	36.57	36.95	11080680
12/07/2021	37	37.35	36.855	37.09	10565670
12/06/2021	36.21	37.02	36.16	36.76	14666810
12/03/2021	35.9456	36.49	35.4725	35.84	21822910
12/02/2021	34.49	35.725	34.43	35.57	12215210
12/01/2021	35.27	35.62	34.42	34.44	15993880
11/30/21	35.28	35.74	34.58	34.66	23366500
11/29/21	35.98	36.245	35.58	35.62	13836420
11/26/21	35.655	35.7999	34.76	35.57	11401660
11/24/21	36.295	36.52	36.105	36.25	16542350
11/23/21	36.005	36.57	35.89	36.48	16304980
11/22/21	36.18	36.52	36.03	36.05	10025690
11/19/21	36.17	36.31	35.795	36.08	10882540
11/18/21	35.36	36.43	35.36	36.21	17516590
11/17/21	35.12	35.615	34.94	35.54	11951490
11/16/21	35.35	35.555	35.1	35.15	9157658
11/15/21	35.3	35.45	35.155	35.19	13052570
11/12/2021	35.23	35.53	35.055	35.23	7348349
11/11/2021	35.41	35.5	34.955	35.12	8109790
11/10/2021	35.59	35.8	35.34	35.47	8920660
11/09/2021	35.37	35.595	35.15	35.54	10849720
11/08/2021	35.67	35.76	35.3	35.47	10883290
11/05/2021	35.75	35.93	35.39	35.41	9028090
11/04/2021	35.49	35.7501	35.29	35.43	9697374
11/03/2021	35.735	35.78	35.27	35.68	8398733
11/02/2021	35.76	35.83	35.41	35.69	12068080
11/01/2021	36.14	36.19	35.455	35.69	10976060
10/29/21	36.02	36.45	35.92	36.17	9951272
10/28/21	35.85	36.295	35.85	36.24	8995107
10/27/21	36	36.28	35.69	35.86	10844440
10/26/21	35.79	36	35.59	35.69	10596770
10/25/21	35.58	36.06	35.33	35.73	11664550
10/22/21	35.12	35.66	34.76	35.42	14922160
10/21/21	35.33	35.89	34.955	35.01	21688811
10/20/21	34.12	34.545	33.865	34.46	14134650
10/19/21	34.34	34.43	33.945	34.11	10274290
10/18/21	33.99	34.34	33.8	34.23	10913360
10/15/21	33.6	34.42	33.57	34.16	20535119
10/14/21	32.83	33.44	32.79	33.43	11005630
10/13/21	32.27	32.71	31.98	32.58	8349564
10/12/2021	32.565	32.565	32.05	32.13	7468883
10/11/2021	32.71	32.985	32.49	32.5	8718252
10/08/2021	32.19	32.8	32.1	32.71	9871586
10/07/2021	32.8	32.85	32.12	32.18	11944490
10/06/2021	31.17	32.59	31.155	32.54	17573760
10/05/2021	30.43	31.66	30.43	31.43	16226360
10/04/2021	30.38	30.8415	30.28	30.51	16652420
10/01/2021	29.78	30.555	29.78	30.34	12352200
09/30/21	30.47	30.55	29.72	29.74	10401130
09/29/21	30.41	30.62	30.235	30.36	11565930
09/28/21	30.54	30.66	30.175	30.5	16501279
09/27/21	30.34	30.82	30.25	30.56	10214110
09/24/21	30.11	30.69	30.06	30.42	10131220
09/23/21	29.87	30.405	29.87	30.21	9476415
09/22/21	29.87	30.16	29.81	29.86	8814953
09/21/21	30.1	30.34	29.615	29.71	10219070
09/20/21	29.9	29.99	29.485	29.77	15750230
09/17/21	30.83	31	30.2	30.31	24017609
09/16/21	30.991	31.06	30.735	30.91	12604120
09/15/21	30.68	31.01	30.53	30.85	11871440
09/14/21	30.96	30.96	30.43	30.5	9952190
09/13/21	31.23	31.27	30.66	30.9	12953970
09/10/2021	31.3	31.58	30.915	30.95	9316196
09/09/2021	31.7	31.72	31.215	31.35	8042958
09/08/2021	31.45	31.76	31.27	31.69	10216540
09/07/2021	31.88	32	31.47	31.51	11167360
09/03/2021	32.43	32.55	31.94	32	9727989
09/02/2021	32.615	32.7701	32.425	32.58	11128200
09/01/2021	32.58	32.835	32.23	32.54	12680890
08/31/21	33.1	33.2239	32.34	32.53	14636680
08/30/21	33.28	33.36	33.03	33.1	5398485
08/27/21	33.31	33.55	33.28	33.45	6921391
08/26/21	33.46	33.66	33.1	33.28	6249232
08/25/21	33.41	33.56	33.27	33.46	7536686
08/24/21	33.99	34.01	33.32	33.37	8914403
08/23/21	33.78	34.33	33.765	33.87	7973329
08/20/21	33.74	33.86	33.59	33.73	6301587
08/19/21	33.68	33.92	33.39	33.59	7632352
08/18/21	33.67	34.21	33.631	33.76	8526304
08/17/21	33.84	33.855	33.255	33.74	6734551
08/16/21	33.8	33.89	33.4608	33.87	6929038
08/13/21	34.17	34.285	33.69	33.87	5625484
08/12/2021	34	34.17	33.61	34.13	8370357
08/11/2021	33.01	33.995	33	33.98	15003920
08/10/2021	32.55	33.2	32.44	32.95	10382800
08/09/2021	32.28	32.475	32.155	32.39	6174854
08/06/2021	32.2	32.47	32.14	32.3	5975831
08/05/2021	32.02	32.33	31.96	32.15	6037420
08/04/2021	32.25	32.39	31.7	31.92	8051036
08/03/2021	32.21	32.54	32.035	32.43	5371694
08/02/2021	32.45	32.63	31.965	32.09	6722776
07/30/21	32.03	32.35	32.025	32.32	7802748
07/29/21	32.0798	32.2902	32.03	32.09	6283029
07/28/21	32.25	32.46	31.85	31.91	10612200
07/27/21	32.73	33.01	32.315	32.38	9081293
07/26/21	32.795	32.99	32.51	32.89	10950030
07/23/21	32.385	32.86	32.38	32.81	10394960
07/22/21	32.78	33.27	32.59	32.67	14926800
07/21/21	31.24	31.7184	31.24	31.57	11236590
07/20/21	30.88	31.43	30.86	31.18	11295900
07/19/21	31.13	31.17	30.64	30.82	13505340
07/16/21	31.76	31.97	31.405	31.51	13642510
07/15/21	31.45	31.96	31.445	31.81	12351030
07/14/21	31.82	31.96	31.57	31.64	11147210
07/13/21	31.58	31.92	31.58	31.7	8716580
07/12/2021	31.86	32	31.52	31.74	8437942
07/09/2021	31.62	31.945	31.59	31.83	15171260
07/08/2021	32.1	32.2	30.84	30.95	24349189
07/07/2021	32.3	33.04	32.29	32.98	12646660
07/06/2021	32.47	32.56	31.97	32.4	10507460
07/02/2021	32.381	32.795	32.23	32.58	11422700
07/01/2021	32.21	32.445	32.065	32.28	10988320
06/30/21	31.95	32.13	31.57	32.08	15063360
06/29/21	32.32	32.43	31.355	31.56	18270789
06/28/21	31.95	32.08	31.64	31.7733	13197737.62
06/25/21	31.7517	32.14	31.7517	31.97	10498595.7
06/24/21	31.6333	31.77	31.435	31.7167	12421718.64
06/23/21	31.6833	31.7666	31.5033	31.5533	10493303.7
06/22/21	31.9133	31.9967	31.72	31.76	8943587.741
06/21/21	31.7667	32.125	31.73	31.9367	10646312.69
06/18/21	31.8067	31.8933	31.5123	31.5833	19734527.43
06/17/21	32.4067	32.49	31.8833	32.0833	10155878.71
06/16/21	32.8333	32.8467	32.3	32.41	11285183.67
06/15/21	32.68	32.8733	32.4667	32.8033	12713771.63
06/14/21	32.4633	32.57	32.195	32.43	8617106.75
06/11/2021	32.42	32.4917	32.27	32.41	8883371.742
06/10/2021	32.68	32.79	32.2067	32.2233	11526953.67
06/09/2021	32.71	32.8233	32.5133	32.6067	8712512.747
06/08/2021	32.6867	32.8883	32.3567	32.7167	14946065.57
06/07/2021	33.2633	33.3667	32.68	32.69	9384776.728
06/04/2021	33.5	33.5	32.9767	33.2067	7880729.771
06/03/2021	32.9333	33.51	32.8517	33.2333	9493493.725
06/02/2021	33.4867	33.5833	33.16	33.1933	7934525.77
06/01/2021	33.52	33.7167	33.4033	33.4333	9130367.735
05/28/21	33.37	33.4667	33.25	33.3733	6052622.824
05/27/21	33.5167	33.7133	33.2683	33.29	12263894.64
05/26/21	33.04	33.5417	33.0233	33.48	13306040.61
05/25/21	33.1233	33.46	32.95	33.02	8172098.763
05/24/21	33.0667	33.2033	32.86	33.1167	8430791.756
05/21/21	32.8533	33.19	32.6067	32.7633	12012620.65
05/20/21	32.69	32.935	32.4783	32.76	10016837.71
05/19/21	32.6233	32.86	32.3567	32.7867	11724494.66
05/18/21	33.4267	33.5	32.9467	32.9667	11467658.67
05/17/21	33.9367	34.1067	33.2833	33.4667	16106414.53
05/14/21	33.85	34.1733	33.74	33.9033	10779473.69
05/13/21	33.1733	33.7533	33.0867	33.5767	15173453.56
05/12/2021	33.6467	33.8333	33.1633	33.2133	11357432.67
05/11/2021	34.2767	34.2933	33.7733	33.8467	13913123.6
05/10/2021	34.5433	34.9567	34.3667	34.3867	10261040.7
05/07/2021	34.1133	34.51	33.9533	34.3767	7383182.786
05/06/2021	33.9433	34.2033	33.855	34.1867	8334800.758
05/05/2021	33.9833	34.12	33.6667	33.7333	8781995.745
05/04/2021	33.6933	34.0133	33.6267	33.8833	12131516.65
05/03/2021	33.8467	34.0267	33.7467	33.7933	7163375.792
04/30/21	33.69	33.9233	33.515	33.5833	13802885.6
04/29/21	34	34	33.2967	33.73	13470374.61
04/28/21	33.8633	34.165	33.7833	33.8333	12767825.63
04/27/21	34.0333	34.0967	33.8	33.9733	10035752.71
04/26/21	34.3433	34.5467	34.0667	34.1067	9794126.716
04/23/21	33.9333	34.5383	33.82	34.37	9547394.723
04/22/21	33.9067	34.58	33.7667	33.94	15464510.55
04/21/21	32.9777	34.4533	32.9233	34.23	21643568.37
04/20/21	33.39	33.7833	32.69	32.8167	15406781.55
04/19/21	32.8	32.95	32.6567	32.9033	8116745.765
04/16/21	33.2167	33.25	32.7267	32.88	11430752.67
04/15/21	32.9033	33.1133	32.77	32.9567	8825711.744
04/14/21	32.6667	32.8567	32.5467	32.7867	9633512.721
04/13/21	32.6933	32.82	32.3967	32.6	6452804.813
04/12/2021	32.5467	32.9267	32.3667	32.87	6730499.805
04/09/2021	32.2833	32.83	32.2167	32.7633	6457076.813
04/08/2021	32.4	32.4	32.1133	32.16	7561919.781
04/07/2021	32.53	32.5433	32.1596	32.3167	6040955.825
04/06/2021	32.7733	32.84	32.3567	32.37	9061055.737
04/05/2021	32.7133	32.95	32.5467	32.8567	7239083.79
04/01/2021	32.3633	32.4467	32.1167	32.42	8038877.767
03/31/21	31.8867	32.3633	31.8867	32.14	10265747.7
03/30/21	32.0033	32.4333	31.9867	32.1233	10415609.7
03/29/21	32.6433	32.695	32.0133	32.2033	13755917.6
03/26/21	31.91	32.5767	31.7967	32.5533	9407036.727
03/25/21	31.3233	31.9433	31.0067	31.8467	9774653.717
03/24/21	31.0627	31.76	31.0067	31.39	12278162.64
03/23/21	31.1567	31.63	30.87	30.9733	10693175.69
03/22/21	31.6033	31.7333	31.0767	31.26	20960783.39
03/19/21	30.95	31	30.16	30.2567	32357849.06
03/18/21	30.4867	31.0567	30.47	30.8367	12426800.64
03/17/21	30.5967	30.9	30.3367	30.7133	11624912.66
03/16/21	31.2567	31.29	30.48	30.6467	9074033.737
03/15/21	31.2167	31.3267	30.75	31.16	8145038.764
03/12/2021	31.1933	31.4267	31.1633	31.2833	6711320.805
03/11/2021	31.3733	31.63	31.2167	31.2733	11390795.67
03/10/2021	31.0033	31.3867	30.8333	31.1967	7676873.777
03/09/2021	31.1067	31.3467	30.8933	30.9133	8565758.752
03/08/2021	30.5967	31.48	30.5333	30.8433	10493123.7
03/05/2021	29.848	30.62	29.31	30.5433	9233120.732
03/04/2021	30.36	30.4933	29.05	29.42	12982106.62
03/03/2021	30.6867	30.7433	30.35	30.3633	7253672.79
03/02/2021	30.98	31.0067	30.53	30.72	6810146.803
03/01/2021	30.9967	31.18	30.8234	30.9767	7704773.777
02/26/21	30.85	30.9667	30.36	30.5167	11532500.67
02/25/21	31.1055	31.1133	30.578	30.73	13516511.61
02/24/21	30.36	31.3033	30.3233	31.1233	8136785.764
02/23/21	30.91	31.2367	30.34	30.5633	11358392.67
02/22/21	30.5267	31.1867	30.4433	30.86	13260965.62
02/19/21	30.07	30.7833	30.03	30.6967	9882923.713
02/18/21	29.7733	30.1633	29.5333	30.0067	10865876.68
02/17/21	30.1	30.235	29.7	29.9967	9963377.711
02/16/21	30.14	30.3733	30.03	30.25	14850203.57
02/12/2021	29.5333	30.1367	29.5333	30.0467	10036550.71
02/11/2021	29.6467	29.72	29.2233	29.5833	11757281.66
02/10/2021	29.72	29.7967	29.2067	29.3933	9537059.723
02/09/2021	28.9367	29.5717	28.67	29.49	11108000.68
02/08/2021	29.4233	29.51	28.9917	29.0867	15169574.56
02/05/2021	29.8133	29.8433	29.5	29.5167	9338345.729
02/04/2021	29.7767	29.9297	29.29	29.4733	12042074.65
02/03/2021	29.8533	30.0067	29.69	29.7733	9593111.722
02/02/2021	29.19	30.0533	29.05	29.88	11835626.66
02/01/2021	28.725	29.19	28.725	29.0167	12804431.63
01/29/21	28.67	29.1667	28.51	28.585	16789019.51
01/28/21	28.4567	29.27	28.1433	28.9	15337517.56
01/27/21	28.4467	28.6367	27.7033	27.9633	20651258.4
01/26/21	29.32	29.58	28.8667	28.9433	11301641.67
01/25/21	29.2433	29.3567	28.6267	29.2933	15135620.56
01/22/21	29.8183	30.1633	29.1767	29.2133	19846184.42
01/21/21	30.8633	30.9267	30.3967	30.5367	12921926.63
01/20/21	31	31.1133	30.7033	31.07	13134020.62
01/19/21	31.2433	31.45	30.8467	30.8867	9317108.73
01/15/21	31.0567	31.2767	30.6327	31.14	12513452.64
01/14/21	31.57	31.6167	31.0933	31.1633	9858614.714
01/13/21	31.9167	31.9933	31.35	31.5467	15406856.55
01/12/2021	31.714	32.15	31.5833	31.9633	9510884.724
01/11/2021	31.8133	32.5133	31.7067	31.9967	12277094.64
01/08/2021	31.2867	32.09	31.2867	31.9467	12530675.64
01/07/2021	30.9	31.4867	30.6867	31.3433	11685458.66
01/06/2021	29.76	30.6759	29.7467	30.62	13464155.61
01/05/2021	29.2933	30.03	29.27	29.8267	10363898.7
01/04/2021	30.22	30.345	29.13	29.33	15560822.55
12/31/20	29.9867	30.3033	29.8867	30.25	9063653.737
12/30/20	29.8967	30.1633	29.8333	30.11	5934995.828
12/29/20	30.3167	30.4083	29.5633	29.7767	8220530.762
12/28/20	30.1867	30.4167	30.1167	30.2133	5016311.855
12/24/20	29.93	30.0733	29.7167	30.0167	2629166.924
12/23/20	29.9633	30.17	29.74	29.89	12081998.65
12/22/20	29.7533	30.0633	29.7	29.85	14629238.58
12/21/20	29.5933	30.1233	29.5234	29.8967	8289287.76
12/18/20	30.16	30.3267	29.8167	30.22	16911698.51
12/17/20	29.7767	30.3233	29.7767	30.1833	8842298.744
12/16/20	30.0167	30.1233	29.6568	29.7	9122627.735
12/15/20	29.96	30.1733	29.6133	30.0733	11944973.65
12/14/20	30.4033	30.4433	29.63	29.64	7836989.773
12/11/2020	29.7367	30.2283	29.6667	30.1433	10037942.71
12/10/2020	29.85	30.1833	29.8467	30	13001558.62
12/09/2020	30.56	30.7617	30.4	30.5767	8512412.753
12/08/2020	30.3833	30.6967	30.3267	30.5	11121362.68
12/07/2020	30.4833	30.7733	30.3667	30.6783	13370072.61
12/04/2020	30.2133	30.6567	30.1533	30.6167	14024540.59
12/03/2020	30.33	30.5317	29.99	30.1433	15362858.55
12/02/2020	30.01	30.4533	30.0067	30.2267	15218732.56
12/01/2020	30.3067	30.6933	30.1167	30.2067	14906606.57
11/30/20	30.3633	30.6133	29.9867	30.0167	19928456.42
11/27/20	30.83	30.9067	30.38	30.43	4140719.88
11/25/20	30.9967	31.04	30.52	30.7467	7125665.793
11/24/20	31.153	31.153	30.74	30.9717	23318456.32
11/23/20	30.6533	30.89	30.4167	30.6867	9232658.732
11/20/20	30.51	30.76	30.3133	30.5133	6396197.815
11/19/20	30.2833	30.6167	30.0633	30.5667	8326889.759
11/18/20	30.9467	31.2133	30.43	30.4433	7898555.771
11/17/20	30.6067	30.9733	30.48	30.8333	7368452.786
11/16/20	30.7433	31.0267	30.4267	31	10768493.69
11/13/20	30.0367	30.55	29.91	30.2	10227806.7
11/12/2020	29.83	30.1833	29.64	29.91	12211844.65
11/11/2020	30.5333	30.6267	29.7667	30.0133	13179023.62
11/10/2020	29.25	30.6267	29.06	30.4667	21492155.38
11/09/2020	30.1167	31.235	29.34	29.4	17890568.48
11/06/2020	29.06	29.23	28.54	28.7267	8671652.749
11/05/2020	28.5033	29.2967	28.3333	29.01	18311915.47
11/04/2020	28.4933	29.1833	28.1867	28.2767	19347380.44
11/03/2020	27.5433	28.2633	27.41	28.0733	16795310.51
11/02/2020	26.775	27.37	26.4167	27.2533	17485433.49
10/30/20	25.8833	26.3367	25.8333	26.3133	17652350.49
10/29/20	25.2233	26.3133	25.13	25.9633	16518509.52
10/28/20	25.4917	25.8533	25.2467	25.31	18601886.46
10/27/20	26.33	26.49	25.8733	26.03	16386209.52
10/26/20	26.7767	26.7967	26.1067	26.29	9995294.71
10/23/20	27.2333	27.5267	26.7867	27.0967	9535481.723
10/22/20	27.3867	28.27	27.005	27.2433	21459029.38
10/21/20	26.4	26.6933	26.21	26.24	14052854.59
10/20/20	26.4333	27.0733	26.3867	26.71	8415065.756
10/19/20	26.6033	26.955	26.27	26.35	9325874.73
10/16/20	26.9833	27.1133	26.6933	26.7033	15870977.54
10/15/20	26.52	27.049	26.4233	27.01	8218817.762
10/14/20	26.4867	27.0833	26.4867	26.8233	12395552.64
10/13/20	26.8367	26.9967	26.32	26.3967	12970430.62
10/12/2020	26.31	26.7367	26.1433	26.52	14096606.59
10/09/2020	25.99	26.3133	25.99	26.16	6371957.815
10/08/2020	26.3067	26.4	25.7333	25.9033	10333847.7
10/07/2020	25.7033	26.3833	25.68	26.23	10489394.7
10/06/2020	25.99	26.1333	25.49	25.5733	9891452.713
10/05/2020	25.83	26.0967	25.77	25.9133	8595758.751
10/02/2020	25.5933	25.9567	25.4367	25.7167	10648277.69
10/01/2020	26.1167	26.1167	25.4233	25.62	12747650.63
09/30/20	26.13	26.41	25.7933	25.89	14632871.58
09/29/20	26.32	26.4867	25.8567	25.8667	11483939.67
09/28/20	26.3867	26.5733	26.1667	26.4433	8690558.748
09/25/20	25.7467	26.1117	25.55	26.0267	10377656.7
09/24/20	25.3567	25.85	25.1267	25.5267	12737618.63
09/23/20	26.2223	26.33	25.3633	25.5	13460903.61
09/22/20	25.8833	26.0933	25.7133	25.9767	10902869.68
09/21/20	26.1	26.2533	25.4367	25.86	13075568.62
09/18/20	26.5833	26.86	26.4167	26.61	20217398.41
09/17/20	25.9967	26.6667	25.7933	26.5	13855904.6
09/16/20	27.0667	27.1333	26.38	26.45	14956397.57
09/15/20	26.58	27.0333	26.4167	26.7567	14988704.57
09/14/20	25.9467	26.4633	25.75	26.32	10494563.7
09/11/2020	25.4167	25.8067	25.3533	25.7233	8678222.748
09/10/2020	25.45	25.6667	25.0933	25.2733	11175287.68
09/09/2020	25.2433	25.9583	25.2267	25.5533	10990040.68
09/08/2020	25.1233	25.5233	24.7133	25.0867	12302471.64
09/04/2020	25.41	25.6567	24.8033	25.17	12536789.64
09/03/2020	26.1067	26.1367	25.0267	25.2167	14156135.59
09/02/2020	25.9833	26.2167	25.7217	25.8933	24348287.29
09/01/2020	25.4033	26.02	25.25	26.0133	9957593.711
08/31/20	25.7267	25.8533	25.3833	25.4867	9646544.72
08/28/20	25.3233	25.7267	25.2567	25.69	7963643.769
08/27/20	25.33	25.5767	25.0933	25.3967	7626059.779
08/26/20	25.16	25.2617	24.99	25.1367	8460425.755
08/25/20	25.1967	25.31	24.94	25.2767	7600592.78
08/24/20	24.8563	25.06	24.7933	25.0367	7807847.774
08/21/20	24.6333	24.7533	24.4733	24.71	9075113.737
08/20/20	24.4333	24.7233	24.4167	24.6367	7644455.778
08/19/20	24.9067	24.95	24.6367	24.6833	8141762.764
08/18/20	25.0633	25.0633	24.7733	24.8033	7244783.79
08/17/20	24.8067	25.0933	24.7833	24.9967	8965997.74
08/14/20	24.5567	24.89	24.4967	24.75	7149362.793
08/13/20	24.8367	24.9867	24.5833	24.6667	7675766.777
08/12/2020	25.1933	25.4367	24.9767	25.01	9075371.737
08/11/2020	25.0333	25.49	24.89	25.0467	16438379.52
08/10/2020	24.45	24.81	24.31	24.6933	11712062.66
08/07/2020	23.9833	24.41	23.945	24.31	10284197.7
08/06/2020	23.8167	24.2167	23.74	24.09	7129619.793
08/05/2020	23.72	23.8383	23.6033	23.81	6515786.811
08/04/2020	23.39	23.5933	23.265	23.5867	9359591.729
08/03/2020	23.7307	23.8833	23.4267	23.45	8228060.761
07/31/20	23.3033	23.7967	22.69	23.78	16729106.51
07/30/20	23.66	23.7667	23.3533	23.4133	9651095.72
07/29/20	23.5633	24.0433	23.4608	23.9733	11649281.66
07/28/20	23.7667	23.7767	23.3167	23.3667	8943569.741
07/27/20	23.6633	24.0683	23.64	23.8633	10236203.7
07/24/20	23.9167	24.2033	23.7483	23.78	8862566.743
07/23/20	24.0233	24.3167	23.6433	23.8433	15308519.56
07/22/20	24.1667	24.59	24.0967	24.42	12628076.63
07/21/20	23.9733	24.1967	23.8667	24.1433	7623830.779
07/20/20	23.9533	24.0133	23.6267	23.8533	8920871.741
07/17/20	23.8833	24.15	23.6667	24.0533	8843465.744
07/16/20	23.43	23.9567	23.4	23.69	8339486.758
07/15/20	23.5	23.6717	23.1267	23.5533	13189895.62
07/14/20	22.6867	23.15	22.6	23.1133	11623457.66
07/13/20	22.7367	23.325	22.5267	22.88	12059444.65
07/10/2020	22.5633	22.6967	22.3867	22.5133	11002643.68
07/09/2020	22.7633	23.0167	22.4933	22.62	12826172.63
07/08/2020	22.88	23.0833	22.7233	23.0333	8927261.741
07/07/2020	23.1433	23.3433	22.7833	22.84	8724002.747
07/06/2020	23.2433	23.56	23.23	23.4167	8323076.759
07/02/2020	23.0533	23.2933	22.8933	22.9533	7629731.779
07/01/2020	23.2867	23.43	22.6233	22.7467	9850139.714
06/30/20	22.72	23.4367	22.6633	23.2467	10864313.68
06/29/20	22.19	22.84	22.1133	22.8333	10683326.69
06/26/20	22.6667	22.7633	21.79	21.97	28192157.18
06/25/20	22.44	22.7833	22.1375	22.74	8755820.746
06/24/20	22.81	22.9533	22.48	22.5	11214986.67
06/23/20	23.1067	23.2883	22.9167	23.1433	9317036.73
06/22/20	22.5833	22.89	22.3567	22.8667	9679979.719
06/19/20	23.4667	23.49	22.5833	22.6633	21278057.38
06/18/20	23.08	23.3733	23.0267	23.1567	8368403.757
06/17/20	23.69	23.69	23.2767	23.3	9176108.734
06/16/20	24.1867	24.19	23.195	23.4533	11665334.66
06/15/20	22.6367	23.52	22.48	23.3833	11767067.66
06/12/2020	23.5033	23.5567	22.6867	23.19	12513452.64
06/11/2020	23.9267	24.1333	22.74	22.7633	14913152.57
06/10/2020	24.5533	24.71	24.12	24.43	12241619.64
06/09/2020	24.5233	24.74	24.3533	24.5533	10312439.7
06/08/2020	24.94	25.33	24.6067	24.7767	13896062.6
06/05/2020	25.3167	25.6367	24.9767	25.0267	17776325.48
06/04/2020	24.7	24.8267	24.5667	24.68	9409025.727
06/03/2020	24.47	24.9567	24.3333	24.89	11758397.66
06/02/2020	23.8933	24.155	23.71	24.06	9105488.736
06/01/2020	23.66	23.86	23.4433	23.6217	8249660.761
05/29/20	23.65	24.1167	23.3367	23.86	15854435.54
05/28/20	24.661	24.6667	23.5683	23.75	16441133.52
05/27/20	24.2633	24.6433	24.2367	24.5333	16760207.51
05/26/20	23.4933	24.0533	23.3467	24.0467	17253740.5
05/22/20	22.5	22.8767	22.4733	22.8433	8170838.763
05/21/20	22.7	22.76	22.3057	22.6	10073357.71
05/20/20	22.9467	23.27	22.7033	22.7867	15504221.55
05/19/20	22.2133	22.52	21.9867	21.9867	13604621.61
05/18/20	21.4967	22.3	21.35	22.13	11988404.65
05/15/20	20.68	20.87	20.54	20.6667	15776963.54
05/14/20	20.64	21.03	20	20.99	11680034.66
05/13/20	21.3633	21.3633	20.5583	20.7767	12432194.64
05/12/2020	22.0667	22.0667	21.38	21.3867	8679509.748
05/11/2020	21.73	22.2333	21.7117	21.97	9438104.726
05/08/2020	21.5833	22.1	21.56	22.0367	8490017.754
05/07/2020	21.1967	21.4733	21.0633	21.3067	10083845.71
05/06/2020	21.3167	21.4067	20.84	20.8767	15869720.54
05/05/2020	21.4533	21.6567	21.19	21.2567	13025651.62
05/04/2020	21.5733	21.5733	21.0167	21.2467	11614391.66
05/01/2020	21.8633	21.8633	21.5167	21.6667	22737830.34
04/30/20	22.34	22.6067	22.0033	22.0767	25137464.27
04/29/20	22.7933	23.0933	22.59	22.7167	12202757.65
04/28/20	22.3867	22.5467	21.9433	22.2833	18007082.48
04/27/20	21.8333	22.26	21.59	22.1367	21595886.37
04/24/20	20.86	21.3333	20.4583	21.2733	11973719.65
04/23/20	21.3	21.375	20.4333	20.49	13986569.59
04/22/20	20.2167	20.8033	19.8233	20.2967	15823211.54
04/21/20	19.7767	20.1017	19.6	19.8267	13695536.6
04/20/20	20.3383	20.8567	20.09	20.3333	14391470.58
04/17/20	20.9733	21.22	20.6767	20.9233	20512658.41
04/16/20	20.4033	20.4033	19.655	20.2133	14782373.57
04/15/20	20.1233	20.3367	19.9667	20.2967	9541703.723
04/14/20	20.7067	21.13	20.6833	20.8467	9734642.718
04/13/20	21.1033	21.2933	20.3133	20.5233	12558212.64
04/09/2020	21.2967	21.6	21.0333	21.3333	15451802.55
04/08/2020	20.7433	21.2933	20.6	21.1733	11314829.67
04/07/2020	21.4433	21.6067	20.2667	20.3833	16942334.51
04/06/2020	20.22	20.5633	19.7383	20.4233	19021319.45
04/03/2020	18.87	19.22	18.6333	18.9233	15815465.54
04/02/2020	18.0567	19.0383	17.8767	18.9533	16377350.53
04/01/2020	18.0333	18.41	17.75	18.2833	14111177.59
03/31/20	19.24	19.3833	18.7735	19.1	16775267.51
03/30/20	18.7033	19.42	18.58	19.34	15088034.56
03/27/20	18.7567	19.2733	18.3433	18.7633	16765574.51
03/26/20	19.04	19.71	18.61	19.5233	19098572.45
03/25/20	18.37	20.19	18.3367	18.8433	22974557.33
03/24/20	16.9933	18.5633	16.5033	18.5	22835936.34
03/23/20	16.4767	16.93	15.6033	15.8867	22894703.34
03/20/20	18.17	18.3933	16.5333	16.6233	29586029.14
03/19/20	16.8433	18.7333	16.2617	18.3367	18277559.47
03/18/20	16.89	17.4933	16.0213	16.99	23636864.31
03/17/20	16.5033	18.31	16.0567	18.0867	26466197.23
03/16/20	16.34	17.7867	15.8533	16.31	33835919.02
03/13/20	18.8333	19.5967	18.0033	19.3133	36819928.93
03/12/2020	17.85	18.8	17.2933	17.8033	36770188.93
03/11/2020	20.2967	20.61	19.3533	19.4367	32617379.05
03/10/2020	20.7733	21.0533	19.7833	20.96	24699662.28
03/09/2020	20.9833	21.2433	19.8633	20.13	25397180.26
03/06/2020	21.98	22.9433	21.9067	22.75	15568601.55
03/05/2020	23.31	23.5267	22.8767	22.9867	14684231.57
03/04/2020	23.29	24.08	23.1267	24	16729007.51
03/03/2020	23.41	24.3467	22.85	22.97	24367151.29
03/02/2020	23.44	23.8033	22.9933	23.5833	31954019.07
02/28/20	23.36	23.6533	22.8067	23.4833	34617119
02/27/20	24.5533	25.1467	24.06	24.09	26091527.24
02/26/20	25.3767	25.58	24.91	25.1033	20588006.4
02/25/20	26.0433	26.2133	25.1333	25.19	26703374.23
02/24/20	25.99	26.1967	25.8667	26.02	22547780.35
02/21/20	26.63	26.8133	26.4867	26.52	11560697.66
02/20/20	26.6933	26.8733	26.5333	26.8167	6725831.805
02/19/20	26.6	26.75	26.5333	26.7233	6755315.804
02/18/20	26.4533	26.6967	26.3267	26.5033	8205164.762
02/14/20	26.5567	26.65	26.38	26.53	7025078.796
02/13/20	26.4333	26.6567	26.3	26.6133	7331357.787
02/12/2020	26.3633	26.5	26.1533	26.495	8284832.76
02/11/2020	26.3233	26.4817	26.135	26.1733	8935226.741
02/10/2020	25.7967	26.3033	25.77	26.2933	9853661.714
02/07/2020	26.3067	26.3967	25.8889	25.9567	9293063.731
02/06/2020	26.1733	26.2167	25.93	26.1067	6786302.803
02/05/2020	26.27	26.27	25.965	26.0567	10797140.69
02/04/2020	26.0833	26.1833	25.85	25.9233	8813471.744
02/03/2020	25.7267	25.8633	25.5567	25.7	10319033.7
01/31/20	25.76	25.79	25.2917	25.4467	13946960.6
01/30/20	25.47	25.9483	25.45	25.9267	9677378.719
01/29/20	25.5767	26.1333	25.5	25.8433	14833703.57
01/28/20	25.24	25.5433	25.1	25.4067	10960067.68
01/27/20	25	25.2767	24.87	25.0567	11033828.68
01/24/20	25.56	25.68	25.3467	25.5667	10812149.69
01/23/20	24.8467	25.5733	24.6467	25.5467	13105799.62
01/22/20	25.04	25.0633	24.7417	24.87	12779738.63
01/21/20	25.24	25.3533	24.8833	24.9433	14781575.57
01/17/20	25.1667	25.73	25.0633	25.4667	31340459.09
01/16/20	25.2167	25.6167	25.2167	25.58	21106625.39
01/15/20	24.8367	25.1933	24.7933	24.9967	14355569.58
01/14/20	24.8267	25.1067	24.7367	24.8867	9250034.732
01/13/20	24.4567	24.9217	24.3833	24.8967	10656401.69
01/10/2020	24.5733	24.6199	24.4217	24.4533	6109580.823
01/09/2020	24.4667	24.5833	24.4067	24.58	6462905.813
01/08/2020	24.49	24.61	24.3567	24.46	8612585.75
01/07/2020	24.2333	24.51	24.0533	24.3333	14361050.58
01/06/2020	24.06	24.25	23.9133	24.17	14636456.58
01/03/2020	24	24.3133	23.8767	24.2967	9979022.711
01/02/2020	24.2733	24.3967	24.0833	24.3967	8490536.754
12/31/19	24.06	24.26	24.0301	24.12	6238421.819
12/30/19	24.2767	24.33	24.03	24.1133	5676698.835
12/27/19	24.3133	24.37	24.2033	24.2833	6152615.822
12/26/19	24.3333	24.41	24.13	24.29	5034023.854
12/24/19	24.2867	24.3667	24.2575	24.3267	2587010.925
12/23/19	24.3	24.4067	24.1633	24.24	11421452.67
12/20/19	24.1933	24.4133	24.0467	24.3933	35541478.97
12/19/19	24.29	24.3967	24.1017	24.1967	9977213.711
12/18/19	24.1	24.5267	24.0367	24.3133	14110832.59
12/17/19	24.2367	24.4933	23.9033	24.0333	23308892.32
12/16/19	24.3867	24.5167	24.24	24.2633	9321680.73
12/13/19	24.19	24.3733	23.88	24.26	14104733.59
12/12/2019	23.8567	24.4667	23.7367	24.0933	19882775.42
12/11/2019	23.6067	23.93	23.51	23.91	15489077.55
12/10/2019	23.3	23.5267	23.1433	23.4667	10450889.7
12/09/2019	23.6833	23.6933	23.425	23.47	11405459.67
12/06/2019	23.7567	23.9833	23.7067	23.7567	13095227.62
12/05/2019	23.5167	23.5767	23.27	23.55	14498933.58
12/04/2019	23.3767	23.5733	23.2933	23.4833	14705960.57
12/03/2019	23.19	23.25	22.7	23.2367	22176560.36
12/02/2019	23.8067	23.9133	23.3267	23.3367	13358222.61
11/29/19	23.8667	23.96	23.755	23.8467	4502840.869
11/27/19	23.9	23.9967	23.8067	23.9633	5918450.828
11/26/19	23.8867	24.1367	23.8067	23.9833	13686329.6
11/25/19	23.4633	23.9833	23.37	23.93	10466600.7
11/22/19	23.0533	23.5267	23.0467	23.5033	7578062.78
11/21/19	23.2	23.2867	23.06	23.1333	8387918.757
11/20/19	23.5167	23.5467	23.1417	23.1867	10097984.71
11/19/19	23.85	23.85	23.63	23.67	7097729.794
11/18/19	23.7167	23.8367	23.585	23.6733	13538873.61
11/15/19	24.1033	24.1033	23.7867	23.87	8582807.751
11/14/19	23.98	24.04	23.8067	23.9467	4819259.86
11/13/19	24.07	24.12	23.9233	23.9833	7421405.785
11/12/2019	24.5133	24.54	24.1767	24.25	8154677.764
11/11/2019	24.5533	24.6827	24.4067	24.6333	4008005.884
11/08/2019	24.6867	24.7367	24.5333	24.6767	6776516.803
11/07/2019	24.6367	24.905	24.5867	24.6933	10401749.7
11/06/2019	24.6	24.6	24.2633	24.5467	9375854.728
11/05/2019	24.4367	24.7833	24.39	24.6267	10254788.7
11/04/2019	24.2333	24.5067	24.1233	24.4967	12687104.63
11/01/2019	23.6467	24.0967	23.5	24.09	13942001.6
10/31/19	23.5767	23.6833	23.2133	23.4233	11595533.66
10/30/19	23.6267	23.76	23.3533	23.6833	8098670.765
10/29/19	23.7033	23.8133	23.5583	23.61	11802869.66
10/28/19	24.1767	24.2033	23.77	23.84	16538036.52
10/25/19	23.9767	24.1633	23.8567	24.1067	8026400.767
10/24/19	24.1767	24.2467	23.7533	23.8867	9241892.732
10/23/19	24	24.1433	23.85	24.0867	21241745.38
10/22/19	23.5867	24.105	23.3267	24.0967	22920542.34
10/21/19	22.97	23.6033	22.97	23.5833	26106080.24
10/18/19	22.85	23.0683	22.7667	22.89	60796738.24
10/17/19	23.6533	24.04	23.18	23.26	34647149
10/16/19	23.3067	23.3067	22.8433	23	14001800.59
10/15/19	22.8533	23.2	22.8	23.0567	12674867.63
10/14/19	22.87	22.98	22.67	22.8533	11892089.66
10/11/2019	22.6667	23.2133	22.52	23.0167	13197593.62
10/10/2019	22.0833	22.3433	22.0734	22.3133	18769250.46
10/09/2019	22.06	22.29	22.0133	22.0717	12130628.65
10/08/2019	22.0167	22.265	21.8767	21.9517	12186413.65
10/07/2019	22.1933	22.4733	22.0767	22.2633	10561394.69
10/04/2019	22.1133	22.3433	21.9767	22.2367	19607090.43
10/03/2019	22.0433	22.41	21.79	22.3183	14905391.57
10/02/2019	22.2033	22.4367	22.0333	22.09	20860607.4
10/01/2019	23.2033	23.3333	22.2333	22.34	16023458.54
09/30/19	22.9833	23.3067	22.9833	23.09	9413042.727
09/27/19	23.2267	23.3333	22.85	22.97	7793228.774
09/26/19	22.9633	23.2533	22.8933	23.14	8890076.742
09/25/19	22.95	23.0633	22.7367	22.9567	9331175.729
09/24/19	23.0733	23.4633	22.7833	22.8767	16192445.53
09/23/19	22.87	23.02	22.6567	22.9533	12431183.64
09/20/19	23.5733	23.6667	22.805	22.8733	40212868.83
09/19/19	23.78	23.815	23.5233	23.5967	8573222.751
09/18/19	23.64	23.7467	23.36	23.7167	11034413.68
09/17/19	24.12	24.12	23.5837	23.7267	9357287.729
09/16/19	23.9033	24.2833	23.85	24.13	15569912.55
09/13/19	23.9933	24.2483	23.9933	24.1567	16533986.52
09/12/2019	23.68	23.9367	23.4902	23.85	20018765.42
09/11/2019	23.5633	23.7433	23.2533	23.6567	24364700.29
09/10/2019	23.0133	23.6033	23.01	23.5633	19832039.42
09/09/2019	22.6367	23.0233	22.5067	23.0167	14672492.57
09/06/2019	22.8133	22.8633	22.38	22.5067	16259765.53
09/05/2019	22.67	22.9267	22.6533	22.6867	17301704.5
09/04/2019	22.1833	22.5167	22.1833	22.5	18197741.47
09/03/2019	22.1133	22.24	21.8133	22.1167	11383886.67
08/30/19	22.38	22.5567	22.3033	22.34	11693060.66
08/29/19	21.9667	22.3333	21.95	22.17	14009741.59
08/28/19	21.4167	21.8033	21.3564	21.7967	11109656.68
08/27/19	21.8433	21.8833	21.47	21.47	10580813.69
08/26/19	21.7467	21.8838	21.51	21.6767	11855960.66
08/23/19	21.9	22.0833	21.4233	21.54	15991649.54
08/22/19	21.9133	22.2533	21.7967	22.0467	16617779.52
08/21/19	21.7433	21.8567	21.62	21.78	10250954.7
08/20/19	21.6867	21.7767	21.5752	21.5967	9933992.712
08/19/19	22.0433	22.14	21.7233	21.7633	10706921.69
08/16/19	21.68	21.8333	21.5467	21.6967	11607155.66
08/15/19	21.5267	21.6333	21.3233	21.47	9139391.735
08/14/19	21.81	21.9633	21.4867	21.5267	13392170.61
08/13/19	21.8067	22.4	21.7233	22.1167	15221045.56
08/12/2019	22.0133	22.08	21.7533	21.9433	13603475.61
08/09/2019	22.07	22.2833	21.99	22.19	11877662.66
08/08/2019	21.9367	22.3167	21.9067	22.2467	10826300.69
08/07/2019	21.74	22.0967	21.5983	21.9633	22192145.36
08/06/2019	21.8933	22.28	21.7467	22.1633	16497929.52
08/05/2019	21.98	21.9833	21.5413	21.7033	24290375.3
08/02/2019	22.55	22.5833	22.1433	22.3733	18967280.45
08/01/2019	23.3233	23.47	22.4333	22.5933	23556587.32
07/31/19	23.49	23.75	23.2367	23.4667	19799336.43
07/30/19	23.0167	23.4533	22.9733	23.4033	13571540.61
07/29/19	22.9333	23.3083	22.9233	23.2067	12546812.64
07/26/19	23.1733	23.2467	22.9467	22.9867	17419214.49
07/25/19	23.0033	23.38	22.8942	23.1667	18660638.46
07/24/19	23.0633	23.45	22.76	23.0733	23083466.33
07/23/19	23.7833	23.7833	23.2367	23.3133	20503517.41
07/22/19	23.4	23.7133	23.3333	23.64	17126735.5
07/19/19	24	24.2233	23.4033	23.4367	23911769.31
07/18/19	23.81	23.9767	23.1667	23.9433	41015308.81
07/17/19	24.4483	24.55	23.3533	23.7933	103769457
07/16/19	26.1333	26.7433	26.1333	26.5167	25891685.25
07/15/19	26.1767	26.1983	25.9833	26.1667	10299371.7
07/12/2019	25.8267	26.2533	25.7767	26.1933	10250795.7
07/11/2019	25.5467	25.9267	25.4567	25.75	8189960.762
07/10/2019	25.6333	25.7067	25.4317	25.5267	9113780.736
07/09/2019	25.66	25.6833	25.4433	25.5667	10184474.7
07/08/2019	26.0333	26.0833	25.6267	25.74	8682821.748
07/05/2019	26.0833	26.1833	25.8033	26.1333	7467710.783
07/03/2019	26.1233	26.3083	26.1067	26.2267	3918470.886
07/02/2019	26.1667	26.2	25.91	26.0933	8983505.739
07/01/2019	26.1867	26.4667	26.015	26.21	10456055.7
06/28/19	25.6	25.8935	25.4743	25.79	13873754.6
06/27/19	25.4033	25.7167	25.4033	25.4833	6834056.802
06/26/19	25.4567	25.5933	25.39	25.3933	8106716.765
06/25/19	25.88	25.9433	25.2917	25.3633	13604399.61
06/24/19	26.2233	26.27	25.7817	25.84	8069000.766
06/21/19	26.3	26.5733	26.2067	26.2233	15156284.56
06/20/19	26.16	26.4267	26.0726	26.35	15308576.56
06/19/19	25.8833	25.95	25.54	25.7967	7638782.778
06/18/19	25.7967	26.12	25.655	25.9133	10408475.7
06/17/19	25.6967	25.8	25.53	25.5667	8949695.74
06/14/19	25.8967	25.98	25.5867	25.7233	8396825.756
06/13/19	26.1	26.1	25.7833	25.88	11366288.67
06/12/2019	26.18	26.3017	26.0367	26.0767	8306516.759
06/11/2019	26.3767	26.57	26.0233	26.2	7960541.769
06/10/2019	26.1267	26.46	26.0033	26.2233	7642769.778
06/07/2019	25.9767	26.1517	25.8867	26.0233	7832936.773
06/06/2019	26.0633	26.1267	25.7	25.8367	9966686.711
06/05/2019	25.58	26.1333	25.5733	26.01	14114054.59
06/04/2019	25.05	25.5733	25.03	25.5533	13176659.62
06/03/2019	24.8367	25.1833	24.7367	24.84	13186481.62
05/31/19	24.6867	25.0133	24.5033	24.8233	17480921.49
05/30/19	24.6533	25.0833	24.6033	25.0033	13039265.62
05/29/19	24.58	24.7367	24.4	24.65	16341122.53
05/28/19	25.1267	25.2167	24.7867	24.84	22530632.35
05/24/19	25.2567	25.3	24.8433	24.9667	13645835.6
05/23/19	25.5	25.5333	24.9333	25.1267	24498344.29
05/22/19	26.0467	26.0467	25.7667	25.8133	11738510.66
05/21/19	26.1167	26.2267	25.9833	26.1133	24703865.28
05/20/19	25.9967	26.1833	25.8367	26.02	8156306.763
05/17/19	25.9633	26.2567	25.8067	26.1333	10568150.69
05/16/19	25.86	26.1917	25.78	26.0733	10867724.68
05/15/19	25.8567	26.17	25.7767	25.7967	12555683.64
05/14/19	25.6467	26.2633	25.6333	26.08	9666293.72
05/13/19	25.7333	25.86	25.4733	25.59	14757293.57
05/10/2019	25.9733	26.3133	25.59	26.23	8969996.74
05/09/2019	25.86	26.12	25.6433	26.0567	8523074.753
05/08/2019	26.0867	26.37	26	26.0667	9931736.712
05/07/2019	26.3967	26.4133	25.7467	26.09	16264796.53
05/06/2019	26.3733	26.7733	26.3538	26.69	8651864.749
05/03/2019	26.4433	26.91	26.3767	26.84	7391999.786
05/02/2019	26.33	26.3933	26.0167	26.3033	8423936.756
05/01/2019	26.5167	26.6	26.305	26.3767	10839272.69
04/30/19	26.4467	26.61	26.1733	26.5433	10522868.69
04/29/19	26.36	26.52	26.2433	26.4567	8044904.767
04/26/19	26.2167	26.4433	26.21	26.39	8909336.742
04/25/19	26.2867	26.3467	26.01	26.18	9123431.735
04/24/19	26.3633	26.79	26.3633	26.44	11260739.67
04/23/19	26.27	26.3633	26.07	26.34	10312577.7
04/22/19	26.23	26.4183	26.0667	26.2733	10434593.7
04/18/19	26.61	26.61	26.1567	26.3233	18888335.45
04/17/19	26.4667	26.8367	26.2333	26.3133	24583934.29
04/16/19	25.3733	25.4367	25.19	25.2967	10316894.7
04/15/19	25.4667	25.55	25.18	25.29	11035910.68
04/12/2019	25.2633	25.6067	25.18	25.5533	11161793.68
04/11/2019	25.0733	25.17	24.96	25.1333	6002198.826
04/10/2019	24.9433	25.0817	24.7483	25.0233	7667171.778
04/09/2019	25.03	25.1067	24.7033	24.8967	13069067.62
04/08/2019	24.8467	25.2467	24.79	25.2067	12559289.64
04/05/2019	24.92	25.0833	24.7267	24.8067	13231427.62
04/04/2019	25.01	25.08	24.8633	24.9333	23358872.32
04/03/2019	25.44	25.53	25.03	25.0733	21575801.37
04/02/2019	25.64	25.7167	25.3733	25.3933	10810898.69
04/01/2019	25.1167	25.5917	25.0433	25.5667	14290877.59
03/29/19	24.97	25.0533	24.885	24.94	11731076.66
03/28/19	24.5167	24.83	24.4667	24.81	9661559.72
03/27/19	24.3067	24.5167	24.2312	24.4667	5966780.827
03/26/19	24.3967	24.53	24.1567	24.3467	8594843.751
03/25/19	24.0767	24.4167	24.0767	24.2533	8603537.75
03/22/19	24.4767	24.5033	24.14	24.17	9971921.711
03/21/19	24.1067	24.6	24.0834	24.5467	6540770.81
03/20/19	24.2733	24.55	24.12	24.2733	14347856.58
03/19/19	24.68	24.79	24.2667	24.3167	13514261.61
03/18/19	24.4633	24.7093	24.275	24.6233	11989304.65
03/15/19	24.29	24.5667	24.1983	24.27	40900678.81
03/14/19	24.6967	24.7167	24.2633	24.3333	12828683.63
03/13/19	24.3533	24.7967	24.1767	24.6567	14249486.59
03/12/2019	24.3733	24.4533	24.0867	24.22	16727312.51
03/11/2019	23.8767	24.32	23.7433	24.3167	13271171.62
03/08/2019	23.8233	23.9433	23.5233	23.9233	16813832.51
03/07/2019	23.9367	24.0867	23.87	24.0067	17881406.48
03/06/2019	23.98	24.1367	23.8333	24.0167	16138535.53
03/05/2019	24.3067	24.3833	24.14	24.1533	11401199.67
03/04/2019	24.27	24.51	24.0617	24.2767	12434594.64
03/01/2019	24.4333	24.45	24.1333	24.15	14716403.57
02/28/19	24.16	24.2933	24.1033	24.2233	15549239.55
02/27/19	24.1133	24.3	24.0205	24.22	10802807.69
02/26/19	24.2567	24.4133	24.2083	24.2533	20600663.4
02/25/19	24.4933	24.5	24.2467	24.2733	15393857.55
02/22/19	24.2233	24.4467	24.2067	24.4367	8269400.76
02/21/19	24.45	24.4667	24.0933	24.19	9765950.717
02/20/19	24.1967	24.44	24.1967	24.4167	11590733.66
02/19/19	23.7833	24.2933	23.7367	24.17	14123765.59
02/15/19	24.0667	24.21	23.8367	24.18	17421485.49
02/14/19	23.5633	23.9533	23.5315	23.8767	9740381.718
02/13/19	23.78	23.8433	23.59	23.71	13932794.6
02/12/2019	23.3333	23.74	23.2933	23.7067	16452095.52
02/11/2019	22.9967	23.4967	22.9833	23.07	18703982.46
02/08/2019	22.5767	22.92	22.5567	22.9167	13010231.62
02/07/2019	22.5567	22.8133	22.47	22.7367	14533130.58
02/06/2019	22.6933	22.8133	22.62	22.6967	16152917.53
02/05/2019	22.4567	22.76	22.1833	22.7567	18077558.48
02/04/2019	22.02	22.4867	22.0167	22.4733	15569117.55
02/01/2019	21.8733	22.1667	21.8033	22.0667	13041944.62
01/31/19	22.1433	22.1433	21.79	21.9	17815337.48
01/30/19	21.8833	22.2217	21.7733	22.1	18750902.46
01/29/19	21.95	22.0333	21.7767	21.8067	13223945.62
01/28/19	21.7933	21.9667	21.6733	21.87	12826679.63
01/25/19	21.85	22.3167	21.7733	22.0667	24131273.3
01/24/19	21.85	21.9	21.54	21.6833	21290087.38
01/23/19	22.0267	22.135	21.3733	21.6933	15826358.54
01/22/19	22.37	22.4167	21.8067	21.9433	18841244.45
01/18/19	21.7967	22.59	21.79	22.4533	23062931.33
01/17/19	21.32	21.7533	21.0467	21.6967	33753419.02
01/16/19	21.72	21.8883	21.6067	21.7933	17377493.5
01/15/19	21.7567	21.81	21.44	21.7033	12534329.64
01/14/19	21.6267	21.8548	21.57	21.7567	13432325.61
01/11/2019	21.4867	21.8567	21.44	21.74	11508569.67
01/10/2019	21.27	21.66	21.12	21.5633	16212158.53
01/09/2019	21.2433	21.4267	21.0433	21.3267	13292147.61
01/08/2019	21.26	21.3933	20.88	21.1167	15237851.56
01/07/2019	20.81	21.0233	20.45	20.8167	18787397.46
01/04/2019	20.3333	20.9433	20.1767	20.93	18543455.46
01/03/2019	20.4533	20.6033	20.12	20.3267	23527130.32
01/02/2019	20.2533	20.75	20.0067	20.65	15039269.56
12/31/18	20.8333	20.9217	20.51	20.71	10335122.7
12/28/18	20.8367	20.9933	20.58	20.6933	10248164.7
12/27/18	20.2967	20.7	19.88	20.6867	12512447.64
12/26/18	19.7233	20.5767	19.49	20.5733	15203288.56
12/24/18	20.1367	20.1733	19.5607	19.5867	9111923.736
12/21/18	20.6067	20.9067	20.1533	20.2333	30012869.13
12/20/18	20.63	20.8067	20.28	20.5367	25473383.26
12/19/18	21.1867	21.8533	20.5667	20.6833	21965621.36
12/18/18	21.7233	21.9067	21.11	21.2967	19406303.44
12/17/18	21.8233	21.8467	21.35	21.56	26527202.23
12/14/18	22.7567	22.76	21.86	21.9433	17166551.5
12/13/18	23.0967	23.2133	22.6467	22.9467	13566524.61
12/12/2018	23.0867	23.4633	22.95	22.96	16614350.52
12/11/2018	23.1667	23.2967	22.5533	22.6967	11162090.68
12/10/2018	22.5733	22.8567	22.1433	22.7667	15786131.54
12/07/2018	23.1433	23.4667	22.66	22.6767	24647621.29
12/06/2018	23.1067	23.2767	22.7433	23.2733	27346181.21
12/04/2018	24.41	24.4875	23.48	23.5333	20458802.41
12/03/2018	24.6033	24.6333	24.2733	24.3833	25546772.26
11/30/18	23.92	24.3633	23.8817	24.21	20461796.41
11/29/18	24.0533	24.2333	23.8467	23.9233	11766008.66
11/28/18	23.47	24.26	23.369	24.25	15327176.56
11/27/18	23.3167	23.5767	23.2933	23.47	12150632.65
11/26/18	23.4567	23.6867	23.3867	23.4733	10809596.69
11/23/18	23.13	23.4103	23	23.26	6587774.809
11/21/18	23.1767	23.5584	23.1067	23.4033	10805114.69
11/20/18	23.95	24.05	22.9767	23.0733	20650910.4
11/19/18	24.14	24.2667	23.75	24.0267	22419440.35
11/16/18	24.0833	24.5367	23.9933	24.2033	13983062.59
11/15/18	23.2933	24.1667	23.1633	24.0733	15659606.55
11/14/18	23.7067	23.9467	23.3667	23.5	16729013.51
11/13/18	23.37	23.78	23.21	23.4267	13707662.6
11/12/2018	23.5533	23.7567	23.17	23.2133	12120542.65
11/09/2018	23.6933	23.8433	23.2933	23.5533	16848536.51
11/08/2018	24.01	24.2567	23.74	23.89	11694227.66
11/07/2018	23.7267	24.165	23.5833	24.1033	16020797.54
11/06/2018	23.04	23.4933	23.0233	23.4567	13173704.62
11/05/2018	23.2467	23.3833	23.0267	23.03	16387853.52
11/02/2018	23.35	23.4967	22.86	23.06	15764201.54
11/01/2018	23.0433	23.3	22.9567	23.1967	17722589.49
10/31/18	23.2233	23.3267	22.94	22.9533	23142563.33
10/30/18	21.9933	22.9933	21.9767	22.9367	24469952.29
10/29/18	22.32	22.495	21.5467	21.8967	23476265.32
10/26/18	21.3467	22.1683	21.2167	21.9733	18998261.45
10/25/18	22.05	22.4933	21.92	22.13	21255149.38
10/24/18	22.2833	22.57	21.9433	21.97	23812880.31
10/23/18	22.3233	22.44	21.9133	22.2733	23575598.32
10/22/18	22.5867	22.98	22.4533	22.77	20346134.41
10/19/18	22.9167	23.0933	22.6133	22.6467	29726375.14
10/18/18	23.46	23.5167	22.82	22.8833	32648159.05
10/17/18	24.3333	24.35	23.2833	23.57	32293439.06
10/16/18	23.7167	24.15	23.5864	24.0667	27233420.21
10/15/18	23.3567	23.735	23.3133	23.62	16469783.52
10/12/2018	23.54	23.7817	23.2567	23.4	23339993.32
10/11/2018	23.1467	23.5233	22.8667	22.9233	34414799
10/10/2018	24.85	24.87	23.18	23.1867	32506079.06
10/09/2018	25.0333	25.1133	24.8467	24.87	17420258.49
10/08/2018	24.82	25.0033	24.46	24.92	11721731.66
10/05/2018	25.2167	25.2167	24.6633	24.85	13015415.62
10/04/2018	25.01	25.1267	24.5867	24.89	13570217.61
10/03/2018	24.88	25.22	24.81	24.9967	12136997.65
10/02/2018	25.0267	25.03	24.7067	24.7767	14474243.58
10/01/2018	24.7933	25.12	24.7833	25.01	12463313.64
09/28/18	24.6667	24.8033	24.5867	24.6833	9373331.728
09/27/18	24.7433	24.9617	24.4233	24.7367	8328449.758
09/26/18	24.4933	24.83	24.4833	24.6333	12197918.65
09/25/18	24.5133	24.56	24.33	24.44	11865092.66
09/24/18	24.5267	24.6467	24.3533	24.4333	14310347.58
09/21/18	24.25	24.71	24.23	24.6633	54875188.41
09/20/18	24.75	24.8433	24.3067	24.35	15951320.54
09/19/18	24.7567	24.895	24.63	24.6633	16577834.52
09/18/18	24.6533	24.8833	24.52	24.7033	15438602.55
09/17/18	24.5433	24.62	24.3967	24.4467	13281149.61
09/14/18	24.4267	24.7083	24.32	24.4933	12329606.64
09/13/18	24.6667	24.7067	24.2967	24.3933	15527297.55
09/12/2018	24.72	24.9167	24.64	24.7133	10587782.69
09/11/2018	24.76	24.9	24.5533	24.7033	15547658.55
09/10/2018	24.6933	24.925	24.55	24.7733	15406445.55
09/07/2018	24.5833	24.79	24.53	24.5433	15774914.54
09/06/2018	24.72	24.97	24.67	24.6867	13761407.6
09/05/2018	24.64	24.8933	24.47	24.7667	14278157.59
09/04/2018	24.72	24.96	24.6767	24.9467	17746142.49
08/31/18	24.6267	24.8333	24.6033	24.72	14774174.57
08/30/18	24.7767	24.8992	24.6433	24.7367	12687638.63
08/29/18	25.1233	25.17	24.9	24.94	10176344.7
08/28/18	25.31	25.4133	25.02	25.07	9406820.727
08/27/18	25.0033	25.2067	24.95	25.1667	10892900.68
08/24/18	24.6733	25.0033	24.66	24.8833	12876161.63
08/23/18	24.6333	24.8467	24.5767	24.65	13247534.62
08/22/18	24.7867	24.8967	24.5667	24.5767	9284525.731
08/21/18	24.6133	25.0467	24.6	24.8967	14810447.57
08/20/18	24.6333	24.9167	24.56	24.59	18277769.47
08/17/18	24.5067	24.7	24.4067	24.5633	10659833.69
08/16/18	24.4567	24.5633	24.2167	24.48	15801257.54
08/15/18	24.31	24.5167	24.21	24.3867	14186945.59
08/14/18	24.2767	24.66	24.2767	24.5667	15936764.54
08/13/18	24.1467	24.3533	24.0967	24.2033	11654423.66
08/10/2018	23.8367	24.2633	23.8367	24.13	10072685.71
08/09/2018	24.2367	24.2933	24.0233	24.0567	10171694.71
08/08/2018	24.1967	24.2845	24.0633	24.18	9410216.727
08/07/2018	24.1133	24.3017	24.0667	24.1967	9259835.731
08/06/2018	23.79	24.14	23.7667	24.05	15274844.56
08/03/2018	23.7067	23.81	23.4833	23.7533	12797936.63
08/02/2018	23.3633	23.79	23.3633	23.6967	14706038.57
08/01/2018	23.58	23.7233	23.375	23.54	12787511.63
07/31/18	23.49	23.7533	23.47	23.56	24276248.3
07/30/18	23.4367	23.755	23.3867	23.43	20031740.42
07/27/18	23.6167	23.7467	23.31	23.4233	17736227.49
07/26/18	23.89	24.0733	23.57	23.63	13581383.61
07/25/18	23.0133	23.69	22.9267	23.65	19965374.42
07/24/18	23.32	23.63	22.93	23.05	27708722.2
07/23/18	22.91	23.4767	22.91	23.4267	18604328.46
07/20/18	22.9133	23.3	22.86	23.1533	25995962.25
07/19/18	22.84	23.1833	22.2367	23.05	32689949.05
07/18/18	22.2167	23.0367	22.1	23	49733968.56
07/17/18	21.25	21.53	21.0767	21.48	26122670.24
07/16/18	21.6267	21.74	21.0967	21.3333	24953711.28
07/13/18	21.5367	21.7867	21.4933	21.57	14811026.57
07/12/2018	21.7933	21.8633	21.4867	21.56	19043990.45
07/11/2018	21.8967	21.8967	21.4483	21.6033	12486014.64
07/10/2018	22.23	22.23	21.76	22.0167	11245166.67
07/09/2018	21.7733	22.2233	21.76	22.1667	13605731.61
07/06/2018	21.5267	21.7733	21.3867	21.6667	8359934.758
07/05/2018	21.43	21.5433	21.2867	21.4533	11056028.68
07/03/2018	21.4733	21.5633	21.2467	21.2833	5216387.849
07/02/2018	21.18	21.5033	21.0903	21.42	9558488.723
06/29/18	21.3133	21.5233	21.2233	21.26	15006833.56
06/28/18	21.2933	21.37	20.9067	21.1967	15881537.54
06/27/18	21.3933	21.8067	21.26	21.26	15345623.55
06/26/18	21.33	21.52	21.33	21.3933	10959032.68
06/25/18	21.5633	21.64	21.1533	21.36	14053340.59
06/22/18	21.5633	21.7433	21.5233	21.5933	25936949.25
06/21/18	21.5833	21.65	21.2867	21.35	14091197.59
06/20/18	21.6667	21.7333	21.53	21.6233	10010972.71
06/19/18	21.76	21.8383	21.5667	21.61	17902907.48
06/18/18	22.0133	22.18	21.95	22.0367	10431929.7
06/15/18	21.9867	22.2567	21.7533	22.2167	24099716.3
06/14/18	22.1333	22.2133	21.8833	21.9633	12164867.65
06/13/18	22.25	22.36	21.9533	22.0433	14660768.57
06/12/2018	22.4167	22.5633	22.2233	22.25	12632225.63
06/11/2018	22.3567	22.5533	22.2005	22.4267	15370556.55
06/08/2018	21.9667	22.38	21.9167	22.3567	15488228.55
06/07/2018	21.7767	21.9333	21.7	21.9167	16922975.51
06/06/2018	21.5833	21.78	21.38	21.7767	8592800.751
06/05/2018	21.56	21.65	21.2467	21.5633	10730843.69
06/04/2018	21.87	21.9383	21.46	21.5633	11710610.66
06/01/2018	21.74	21.9833	21.7067	21.8133	13277264.61
05/31/18	21.8533	21.9667	21.4933	21.55	20043629.42
05/30/18	21.4567	21.9767	21.43	21.88	14168354.59
05/29/18	21.37	21.49	21.2067	21.4067	11384513.67
05/25/18	21.48	21.6056	21.4433	21.56	11542904.67
05/24/18	21.21	21.55	21.1767	21.4767	11096969.68
05/23/18	21	21.2	20.8733	21.1833	9172079.734
05/22/18	21.37	21.5133	21.14	21.1567	10342790.7
05/21/18	21.35	21.5567	21.2967	21.3367	9582638.722
05/18/18	21.1833	21.3267	21.0433	21.2533	8107151.765
05/17/18	21.03	21.3567	21.0133	21.1733	9158723.734
05/16/18	20.88	21.2133	20.87	21.0933	13426880.61
05/15/18	20.7767	20.94	20.63	20.87	9943193.712
05/14/18	21.2633	21.2633	20.9	20.9667	10257377.7
05/11/2018	20.9867	21.2933	20.9333	21.03	13797650.6
05/10/2018	20.93	21.01	20.69	20.9367	12987635.62
05/09/2018	20.2867	20.815	20.21	20.75	18455666.46
05/08/2018	20.11	20.39	20.0467	20.19	15062819.56
05/07/2018	20.0867	20.25	20.04	20.1667	10868282.68
05/04/2018	19.5633	20.1367	19.525	19.99	12558323.64
05/03/2018	19.7	19.84	19.3245	19.6967	16839584.51
05/02/2018	19.88	20.1283	19.74	19.7933	15434393.55
05/01/2018	19.7633	20.0333	19.6767	19.95	14810666.57
04/30/18	20.19	20.3567	19.7933	19.7967	15686744.55
04/27/18	19.6733	20.12	19.6733	20.0933	13304819.61
04/26/18	19.8367	20.0817	19.62	19.7467	20096822.42
04/25/18	19.76	20.06	19.6433	19.9967	18171935.47
04/24/18	20.2067	20.37	19.5233	19.73	15606194.55
04/23/18	20.06	20.2267	19.9833	20.1133	17986697.48
04/20/18	20.3267	20.5	19.98	20.0133	16460165.52
04/19/18	20.3667	20.4733	20.1133	20.3967	22507223.35
04/18/18	19.7305	20.39	19.7305	20.3367	60880921.23
04/17/18	18.83	19.05	18.7	18.8567	20811014.4
04/16/18	18.7267	18.89	18.65	18.8033	25865528.25
04/13/18	18.7767	18.8733	18.4633	18.53	14869139.57
04/12/2018	18.4667	18.8233	18.4067	18.7033	22339640.35
04/11/2018	18.3167	18.45	18.2167	18.3367	14855522.57
04/10/2018	18.4367	18.5967	18.33	18.42	15643520.55
04/09/2018	18.21	18.48	18.12	18.14	13813622.6
04/06/2018	18.3533	18.4506	17.8433	18.1167	16215878.53
04/05/2018	18.5933	18.68	18.3367	18.5333	14774069.57
04/04/2018	18.2767	18.5833	18.1333	18.49	18138551.47
